Timestamp,B1_H_L,B1_H_R,B1_V_L,B1_V_R,B2_H_L,B2_H_R,B2_V_L,B2_V_R
1510480803,-0.0244868,0.0406615,-0.117479,0.00905329,0.0826559,0.116506,-0.973902,0.575634
1510480806,-0.318898,-0.283631,-0.244074,-0.132266,0.0811267,0.383553,-0.582548,0.138387
1510480809,-0.462638,-0.353745,0.144633,-0.256254,0.101281,0.259728,0.469425,0.141671
1510480812,-0.969987,-0.623242,0.402564,-0.335701,0.0906755,0.469962,0.363946,-0.0910227
1510480815,-0.625453,-0.358294,0.129722,-0.149708,0.0191237,0.487312,0.506363,0.0451488
1510480818,-0.491628,-0.38121,-0.356047,-0.307967,0.0855734,0.322323,-0.495424,0.678741
1510480820,-0.815735,-0.68443,-0.45425,-0.269611,0.283877,0.300038,0.000500318,0.32418
1510480824,-0.454279,0.00365833,-0.0172701,-0.0878786,0.05501,0.168987,-0.244133,-0.138444
1510480827,-0.196002,0.301139,0.120959,0.0413186,0.186563,-0.0916548,0.548864,-0.350582
1510480830,-0.666637,0.119684,-0.138227,-0.00693487,0.332592,-0.0155238,-0.262799,-0.317695
1510480833,-1.2328,-0.294329,-0.172204,-0.154799,-0.00420858,-0.0239208,-1.00998,0.2804
1510480836,-1.14114,-0.316566,-0.662227,-0.264214,-0.0796924,-0.0321561,-0.795358,0.108005
1510480839,-0.935624,-0.353526,-0.50322,0.139129,-0.14564,-0.126303,0.0478876,-0.246781
1510480842,-0.61987,-0.19359,-0.457577,0.0597888,-0.106929,-0.190202,0.390285,-0.340949
1510480845,-0.777795,-0.140299,-0.44961,0.200043,0.00613774,0.011014,-0.34835,-0.798476
1510480848,-0.814494,0.0182138,-0.439444,-0.0759826,0.0766513,0.04467,-1.3074,0.0479957
1510480850,-0.783142,-0.145188,-0.32616,-0.0579879,0.148963,0.181666,0.0616263,-1.04903
1510480854,-0.588798,0.252848,-0.602268,0.362136,0.214208,0.234294,0.00602469,-1.0921
1510480857,-0.526261,0.275005,-0.45179,0.256156,0.347443,0.381344,0.638577,-1.19621
1510480860,-0.731603,0.00345292,-0.593647,0.148546,0.145479,0.231651,0.144664,-0.744299
1510480863,-0.897017,-0.106106,-0.266198,0.596335,0.391875,0.290668,-1.15464,-0.310149
1510480866,-0.885296,-0.1512,-0.364004,0.299094,0.189987,0.0260804,-1.10814,-0.679657
1510480869,-0.929998,-0.075469,-0.132302,-0.00452528,0.0308916,0.0842892,-0.0992156,-1.25261
1510480872,-0.991359,0.143764,-0.128157,0.542247,0.266908,0.0508204,0.240789,-1.72304
1510480875,-0.783688,0.231181,0.24558,0.426008,-0.0372063,-0.198169,-0.173521,-1.34129
1510480878,-0.589149,0.231543,0.266655,0.427506,0.0885011,-0.015711,-0.479013,-0.94674
1510480880,-0.645034,0.203138,-0.00559504,0.587028,0.189157,0.00512151,-0.368794,-1.03709
1510480884,-1.02783,-0.0865535,-0.150792,-0.173737,0.120798,0.005771,-0.733585,-1.08972
1510480887,-0.323267,0.320262,-0.162143,-0.206708,0.0681584,-0.039066,-0.357205,-1.07761
1510480890,-0.0133037,0.475807,0.118053,0.162954,-0.091698,-0.217046,0.151788,-1.31996
1510480893,-0.542455,-0.30077,0.0401658,-0.0975525,0.0944245,-0.0588887,0.106761,-1.18632
1510480896,-0.463773,0.116891,0.467513,0.484608,0.156811,-0.00790523,-0.765004,-0.597372
1510480899,-0.102786,0.150312,-0.0678689,0.413872,0.0808746,0.181623,-0.565956,-0.663912
1510480902,-0.159363,-0.150132,-0.20003,0.245032,-0.108212,-0.310216,-0.0866762,-0.182901
1510480905,-0.082598,0.0925222,-0.192326,0.160965,-0.0752841,-0.0095524,0.263137,-0.953645
1510480908,0.079387,0.366948,0.0844148,0.117021,-0.291931,-0.294672,0.372689,-1.21663
1510480910,-0.193518,-0.226195,0.261681,0.142165,-0.0621066,0.131695,-0.729416,-0.0286331
1510480914,-0.693657,-0.12051,0.606039,0.344063,0.0864815,-0.0556832,-1.0755,-0.0316249
1510480917,-0.396536,-0.028243,-0.215164,0.259483,0.185031,0.363174,-0.594462,-0.200713
1510480920,-0.626531,-0.195712,0.0796711,0.463316,0.144511,0.281359,0.19887,-0.216467
1510480923,-0.379604,-0.585263,0.0712603,0.2524,0.197052,0.417826,0.299665,-0.326451
1510480926,-0.235341,-0.610149,-0.650568,0.229733,0.286281,0.26845,-0.632429,-0.0470354
1510480929,-0.40253,-0.409397,0.15493,0.302357,0.215413,0.216223,-0.876263,0.902011
1510480932,-0.373187,-0.244829,0.0860741,0.363497,0.340428,0.313799,-0.482231,0.849276
1510480935,-0.554891,-0.337275,-0.126157,0.240293,0.310031,0.393894,0.423932,0.257594
1510480938,-0.165448,0.00770385,-0.344452,0.212087,0.184462,0.275185,0.455926,-0.192644
1510480940,-0.549586,-0.255009,-0.319181,0.188849,0.507907,0.560842,-0.684145,0.747606
1510480944,-0.296955,0.140334,0.0917003,0.261202,0.130708,0.228909,-1.1512,0.530138
1510480947,-0.631634,-0.535334,0.0601294,0.486946,0.147321,0.38636,-0.655349,-0.189223
1510480950,-0.663818,-0.625812,-0.256731,0.207112,0.090269,0.273296,-0.242113,-0.358235
1510480953,-0.375741,-0.0535242,-0.27553,0.159187,-0.525798,-0.174601,0.36055,-0.44126
1510480956,-0.144625,0.277081,-0.194444,0.140478,-0.629258,-0.32116,-0.810196,-0.446554
1510480959,-0.0917129,0.533403,-0.331643,0.317135,-0.645655,-0.43016,-0.817331,-0.323232
1510480962,-0.461057,0.262106,-0.283399,-0.0248266,-0.0993032,0.142398,-0.350384,-0.64465
1510480965,-0.976478,-0.434938,-0.643822,0.064821,-0.0848272,0.127786,0.383171,-0.80892
1510480968,-1.31958,-1.01075,-0.00425898,0.0930051,0.0358162,0.298784,-0.117225,-1.07558
1510480970,-1.75832,-1.14053,-0.337372,-0.318638,-0.1778,0.0875425,-1.22037,-0.249611
1510480974,-2.00519,-1.08946,-0.702243,-0.326569,-0.470675,0.0485638,-0.846084,0.065723
1510480977,-1.57678,-0.655505,-0.385639,-0.290985,-0.60239,-0.20846,-1.23582,0.378383
1510480980,-1.0396,-0.204246,-0.265096,0.432235,-0.144124,-0.00719898,-0.771147,-0.0432254
1510480983,-0.547109,0.214745,0.215151,0.0730469,-0.192001,-0.413004,0.622945,-0.609919
1510480986,-1.02852,-0.399634,0.284717,-0.0943626,0.141137,0.567757,0.540712,-1.39163
1510480989,-0.65546,0.040561,0.526613,0.250682,0.0114646,0.386819,-0.150733,-0.486888
1510480992,-0.754876,-0.0603937,0.574615,0.0507238,0.272523,0.664198,-0.885556,0.354881
1510480995,-0.733949,-0.168615,0.819799,0.205416,0.144255,0.462473,-1.06983,0.556358
1510480998,-0.593448,-0.15811,0.787839,0.40716,0.312696,0.561367,-0.580536,0.0491018
1510481000,-0.385681,-0.298804,0.734047,0.164071,0.248072,0.171141,-0.725745,-0.0144801
1510481004,-0.262625,0.0739895,0.600751,0.262037,0.223276,0.322078,-0.107157,-0.687497
1510481007,-0.188679,0.130166,0.125099,0.238944,0.0673168,0.0213935,-0.636965,0.221046
1510481010,-0.717536,0.0361824,0.23556,0.254057,0.325437,0.184249,-0.928768,0.525683
1510481013,-0.396382,0.0379981,0.156043,0.185683,0.360363,0.121211,-0.150993,0.108525
1510481016,-0.282202,-0.184746,0.161337,0.268115,-0.109167,-0.0342679,0.164829,-0.621972
1510481019,-0.745587,-0.179785,0.171453,-0.164685,-0.178455,-0.152729,0.707611,-0.426174
1510481022,-0.476247,-0.192276,0.288864,-0.159265,-0.322425,0.179679,-0.41157,0.425927
1510481025,-0.752651,-0.458741,0.209986,-0.461132,-0.284572,0.0307074,-0.958807,0.211299
1510481028,-0.445519,-0.374241,0.122356,-0.288874,-0.406183,0.0485391,-0.537072,-0.0225069
1510481030,-0.782754,-0.570396,0.0595789,-0.26217,-0.537367,-0.263269,0.246738,-0.399508
1510481034,-0.515232,-0.352439,-0.207745,-0.227898,-0.327866,0.277826,0.445317,-0.57087
1510481037,-0.0552082,-0.116711,-0.442299,-0.0411467,-0.290701,0.0432465,-0.521389,0.374085
1510481040,-0.46033,-0.166083,0.144894,0.0596078,-0.0569767,-0.0627274,-0.701173,-0.0836515
1510481043,-0.708514,0.0952691,-0.116332,-0.261015,0.257726,0.0473699,0.23938,-0.588247
1510481046,-0.725317,-0.0786669,0.0753193,-0.0777962,0.470246,0.361449,0.163068,-1.68072
1510481049,-0.629907,-0.0199119,-0.176734,-0.0775264,0.302546,0.358412,-0.717194,-0.841347
1510481052,-1.10804,-0.052215,-0.229464,-0.359139,0.339589,0.417316,-1.41515,-0.439654
1510481055,-1.2573,-0.30455,-0.162058,-0.248688,0.85394,0.869551,-0.840172,-0.874559
1510481058,-1.06557,-0.217798,-0.138979,-0.221863,0.550055,0.95336,0.361101,-1.25765
1510481060,-1.01944,-0.24707,-0.0251503,-0.542606,0.466803,0.555569,-0.448912,-1.08225
1510481064,-1.33934,-0.332861,-0.333705,-0.318355,0.277831,0.790618,0.0161502,-1.37217
1510481067,-1.29343,-0.441417,-0.394764,-0.241801,0.439192,0.483448,-0.445811,-0.383783
1510481070,-0.648582,0.255984,-0.121928,-0.353593,-0.201715,-0.0624634,-0.780118,-0.323535
1510481073,-0.586464,0.359931,-0.290347,-0.128297,-0.291598,-0.39203,-0.704926,-0.00690542
1510481076,-1.00325,0.103688,-0.218539,-0.245624,-0.0877279,-0.34583,0.0964799,-0.221714
1510481079,-0.722481,0.245571,0.120708,-0.238921,-0.0929718,-0.343399,0.148927,-0.561548
1510481082,-0.736306,0.18504,0.174993,-0.538991,-0.270872,-0.685495,-0.838288,0.379418
1510481085,-0.333045,0.324123,-0.166883,-0.564272,-0.318048,-0.739078,-1.02305,0.458247
1510481088,-0.361396,0.403721,-0.260636,-0.411141,-0.346411,-0.295458,-0.618227,-0.0268382
1510481090,-0.216656,0.428115,-0.276632,-0.422369,-0.37387,-0.327859,0.0792677,-0.406598
1510481094,-0.375054,0.23223,-0.111431,-0.0948038,-0.0313797,0.0956192,-0.0192373,-0.829691
1510481097,-0.704243,0.0594459,0.274104,-0.0397704,0.0670928,0.214203,-0.889857,-0.319806
1510481100,-0.667599,-0.589351,0.470151,-0.280198,0.554202,0.558543,-1.09382,-0.304162
1510481103,-1.00589,-0.482725,0.446666,-0.180079,0.443365,0.411497,-0.199057,-0.396031
1510481106,-0.50642,-0.362461,0.880811,0.321974,0.540533,0.43289,0.553756,-0.702791
1510481109,-0.4158,0.0573406,0.695085,-0.249708,0.250834,0.299971,0.0482248,-0.441785
1510481112,-0.261538,-0.167779,-0.202959,-0.541677,0.604928,0.30315,-0.500451,1.02093
1510481115,-0.385062,-0.464719,-0.231868,-0.5481,0.242081,0.0472207,0.241455,0.281654
1510481118,-0.170779,-0.363047,-0.0903492,-0.414379,0.137082,-0.159443,0.636949,-0.748685
1510481120,-0.586536,-0.570218,-0.0117995,-0.419476,0.300222,-0.0754064,-0.919711,-0.10924
1510481124,-0.28344,-0.478933,-0.230559,-0.239701,0.335145,0.219009,-1.36373,-0.318242
1510481127,-0.526215,-0.300068,0.430143,0.347863,-0.10632,0.0634384,-0.96733,-1.01108
1510481130,-0.21796,-0.238569,0.328713,0.318706,0.0313802,0.336631,-0.197648,-1.47493
1510481133,-0.455475,-0.283586,0.258699,0.572158,0.275742,0.21493,0.0920701,-0.856278
1510481136,-0.219312,-0.372336,0.128744,0.299484,0.356964,0.314408,-1.0228,-0.340875
1510481139,-0.305687,-0.330615,0.38424,0.839205,0.302417,0.694695,-1.53452,-0.890833
1510481142,-0.512331,-0.138212,0.193569,0.359791,0.700945,0.534927,-1.09901,-0.887321
1510481145,-0.738836,-0.230198,0.176855,0.39405,0.592698,0.391275,-0.247423,-1.24313
1510481148,-0.761643,-0.353858,0.116767,0.514428,0.661139,0.649592,-0.295888,-1.08521
1510481150,-0.851395,-0.135799,0.418895,0.436714,0.472779,0.436302,-0.938883,-0.435206
1510481154,-0.670145,-0.111593,-0.217479,-0.152346,0.524803,0.537156,-0.501115,0.11873
1510481157,-0.568817,-0.0694032,-0.583552,-0.0977254,0.211118,0.241234,0.257771,-0.615398
1510481160,-0.655838,-0.311994,-0.377194,0.0706884,0.419727,0.0997291,0.319079,-0.559598
1510481163,-1.09386,-0.52137,-0.918434,-0.0296073,0.540327,0.268294,-0.437767,0.122134
1510481166,-1.47683,-0.690115,-0.881526,-0.18355,0.377357,0.176838,-0.598826,0.51607
1510481169,-1.22473,-0.321486,-0.234924,-0.125381,0.227662,0.1308,0.0220597,-0.371123
1510481172,-1.65219,-0.393973,-0.437391,-0.225024,0.198978,0.144954,0.367704,-1.09307
1510481175,-1.32815,-0.36719,-0.315712,-0.241064,0.275754,0.0407025,0.170418,-1.01854
1510481178,-0.846793,-0.15786,-0.311548,-0.223807,0.109214,-0.00292904,-0.984742,-0.283332
1510481180,-0.896509,-0.293725,-0.252046,-0.458472,0.222531,0.0695849,0.667608,-0.870993
1510481184,-0.897559,0.147232,-0.130862,-0.449763,0.267203,-0.0466946,0.432145,-0.969517
1510481187,-0.871724,-0.192049,0.0604313,0.0789718,0.44773,0.103978,0.134764,-0.923926
1510481190,-0.767076,-0.0725595,0.64731,-0.28317,0.205492,0.06304,-0.772261,-0.235262
1510481193,-0.689161,-0.29441,0.328987,-0.327905,0.242035,0.159604,-0.95106,-0.275176
1510481196,-0.421722,-0.292755,0.422171,-0.291638,0.248964,0.240542,0.10481,-0.598696
1510481199,-0.670009,-0.13686,0.201651,0.233533,0.224247,0.0992934,0.306464,-0.787606
1510481202,-0.395924,-0.386697,-0.154494,-0.071834,0.183929,-0.0827948,-0.875664,0.0578171
1510481205,-0.297788,-0.41764,-0.0928394,0.0252974,0.302756,0.219748,-0.946789,0.0188268
1510481208,-0.322155,-0.110546,0.479202,0.203817,0.290149,0.0152997,0.120523,-0.192203
1510481210,-0.156213,0.026445,0.398625,0.13764,0.0497889,-0.219878,-0.382088,0.29926
1510481214,-0.0315342,0.163095,-0.0536606,0.338629,0.296949,0.0294526,-0.0973764,-0.0137476
1510481217,-0.475508,-0.112266,0.164103,0.0830054,0.323582,0.0815661,-1.08711,-0.108136
1510481220,-0.162171,-0.0995817,-0.252769,-0.161778,0.340003,0.0782323,-0.70863,0.360861
1510481223,-0.173585,0.0202878,-0.452329,-0.0545655,0.108932,-0.190221,-0.0699923,-0.572991
1510481226,-0.755341,-0.684555,-0.376503,-0.162897,0.182463,-0.033237,0.455201,-1.12023
1510481229,-0.822462,-0.450935,0.19023,-0.0071355,0.328941,0.0832748,0.456177,-1.49351
1510481232,-0.841559,-0.427145,-0.214734,0.144307,0.097469,-0.158905,-0.32216,-1.19788
1510481235,-0.612185,-0.420907,-0.192418,-0.089553,0.228054,-0.182,-0.59478,-0.405513
1510481238,-0.798076,-0.495735,0.214533,-0.0889514,0.274596,0.180649,-0.891633,-0.491386
1510481240,-0.598206,-0.590654,-0.344435,-0.225387,0.520872,-0.00206148,0.531078,-1.29986
1510481244,-0.609729,-0.271201,0.0738434,0.17075,0.37763,-0.0582855,0.469184,-1.44975
1510481247,-0.615571,-0.0683866,-0.235745,0.0630062,-0.0036145,-0.0690028,0.442388,-1.49159
1510481250,-0.881517,-0.437467,-0.243177,0.0558141,0.265952,0.0902262,0.0809318,-1.06489
1510481253,-0.610039,-0.175205,-0.0215772,-0.18754,0.416993,-0.151931,-0.574764,-0.391059
1510481256,-0.829777,-0.103726,-0.262294,-0.0487594,0.280531,-0.0298399,-0.403767,-0.637279
1510481259,-0.908943,-0.365031,-0.388399,-0.00667221,-0.0568832,-0.326074,0.298072,-1.35603
1510481262,-0.718079,-0.0610682,-0.354555,0.110943,0.195452,-0.199238,0.573292,-1.53131
1510481265,-0.739457,-0.0145128,-0.800791,-0.0769195,-0.0211471,-0.0569684,0.422688,-1.80339
1510481268,-1.02371,-0.167194,-0.585391,0.206534,0.103902,-0.118298,-0.277317,-0.421395
1510481270,-1.03388,-0.0903999,-0.610791,-0.0269668,0.188232,-0.122195,-0.814948,-0.149075
1510481274,-1.10733,0.0657917,-0.364898,0.220409,0.248863,0.0476185,-1.19199,-0.391658
1510481277,-1.09873,0.0133209,-0.173538,0.139203,0.0903673,0.154726,-0.831229,0.185498
1510481280,-1.33059,-0.192861,-0.50601,-0.0829787,0.431767,0.2556,-0.291285,0.193168
1510481283,-1.06637,0.0831933,-0.28473,0.129342,0.3291,0.0709613,0.0265894,-0.596013
1510481286,-1.16853,-0.0185556,-0.490396,0.0683183,0.190147,0.172991,0.195789,-0.714708
1510481289,-0.745035,0.126489,-0.0445224,0.108297,0.206899,-0.0785317,-0.256443,-0.689481
1510481292,-0.752884,0.0929532,-0.000878173,-0.141554,0.263882,-0.192221,-0.899477,-0.0981049
1510481295,-1.04406,-0.121365,-0.149709,0.151702,0.33978,-0.20005,-1.2253,-0.0544748
1510481298,-0.835471,0.257808,-0.162178,0.1942,0.241206,-0.316585,-0.81927,0.123227
1510481300,-1.10568,-0.0364657,-0.0330207,0.442155,0.421095,-0.119387,0.105329,-0.627145
1510481304,-0.924854,0.143175,0.349209,0.207855,0.312274,-0.158963,0.565772,-0.696941
1510481307,-0.865594,0.0694564,0.00380912,-0.189354,0.238792,0.00790558,0.138758,-0.467346
1510481310,-0.813885,-0.0209002,0.150458,-0.395023,0.376169,-0.0798627,-1.09087,0.396156
1510481313,-1.02934,-0.0545244,0.413405,0.0678758,0.334168,0.0682971,-0.438512,-0.0330125
1510481316,-0.522842,-0.0680869,0.111624,0.465151,0.394017,0.00323217,0.525778,-0.890968
1510481319,-0.660362,0.176018,-0.0405438,-0.0231615,0.270254,-0.0576174,0.186647,-0.481322
1510481322,-0.839592,-0.0432076,0.0467886,-0.164561,0.272912,0.0120281,-0.930106,0.133134
1510481325,-0.30809,0.14301,-0.0487628,-0.101438,0.0698667,-0.137744,-0.866568,0.38971
1510481328,-0.594539,-0.0216246,-0.118491,-0.176428,0.176004,-0.058035,-0.00138732,-0.931111
1510481330,-0.517881,0.0546566,-0.262381,0.0406659,0.166086,0.0448078,-0.280944,-0.698777
1510481334,-0.31008,-0.0356523,-0.274011,-0.124938,-0.0286736,-0.208624,0.0288648,-1.25037
1510481337,-0.577627,-0.0102006,0.166902,-0.0551241,-0.102152,-0.28085,-0.971477,-0.308133
1510481340,-0.281491,0.414634,0.00306526,0.00922206,0.062102,-0.262226,-1.01488,-0.292831
1510481343,-0.253488,0.030907,-0.407341,0.193924,-0.0342407,-0.275014,-0.211807,-0.89022
1510481346,-0.406335,-0.0705585,-0.450016,0.163902,0.0892777,-0.381275,0.503059,-1.34319
1510481349,-0.261983,-0.0937215,-0.408791,-0.0868003,0.119135,-0.417062,-0.156945,-0.891667
1510481352,-0.342929,0.182836,-0.41714,-0.0842954,0.0367284,-0.271829,-1.10576,-0.329641
1510481355,-0.409082,0.0588839,-0.163712,-0.176073,0.0479084,-0.285258,-0.68106,-0.276498
1510481358,-0.214574,0.260298,0.0693024,0.137381,-0.163072,-0.226918,0.135256,-1.10991
1510481360,-0.359397,0.34505,0.0859153,0.0297598,0.0769984,-0.00991409,-0.650802,-0.458554
1510481364,-0.644542,0.312833,0.062812,0.102967,-0.157429,-0.378712,-0.546542,0.22035
1510481367,-0.574034,0.125417,-0.34466,-0.0395502,-0.157583,-0.207786,-0.81657,-0.0214015
1510481370,-0.501822,0.0597786,-0.359394,0.17802,-0.0163405,-0.00552232,-0.15231,-0.656319
1510481373,-0.743035,0.0783803,-0.337597,0.260129,0.0481662,-0.0986475,0.510724,-0.629675
1510481376,-0.652051,0.307377,-0.729212,0.287167,0.194699,-0.426184,-0.288942,-0.482996
1510481379,-0.852509,0.169705,-0.498427,0.457482,-0.0197988,-0.208199,-1.10413,0.386092
1510481382,-1.3199,-0.33669,-0.747741,0.142398,0.0638293,-0.12108,0.0799063,-0.463063
1510481385,-1.20677,-0.260962,-0.69153,0.218788,0.18914,-0.0491665,0.600766,-1.2808
1510481388,-1.2179,-0.0884596,-0.598092,0.125603,0.122384,-0.116434,-0.378226,-0.32855
1510481390,-0.963078,0.0247531,-0.979157,0.0681306,0.347099,-0.151511,-0.17909,-0.769368
1510481394,-0.796376,0.15684,-0.410421,0.259116,-0.206822,-0.203865,0.137423,-1.09463
1510481397,-0.831366,0.233909,-0.0758792,0.40683,0.0890552,-0.292744,0.826635,-1.03251
1510481400,-0.80684,0.288726,-0.331846,0.418872,0.130814,-0.208359,0.126189,-1.03119
1510481403,-0.323455,0.407374,-0.226311,0.588031,0.117315,-0.482297,-0.913091,-0.434314
1510481406,-0.899436,0.234606,0.181615,0.257061,0.165913,-0.131601,-0.0432628,-1.16929
1510481409,-0.459964,0.0977865,0.150116,0.241151,-0.0340494,-0.0590963,0.831787,-1.56501
1510481412,-0.407224,0.238102,-0.304963,0.389735,-0.0244708,-0.0959466,0.0914614,-1.25401
1510481415,-0.553899,0.321048,0.22109,0.573052,-0.209436,-0.21501,-0.829211,-0.274495
1510481418,-0.49371,0.333053,0.0241372,0.305563,-0.213202,-0.149577,-0.335275,-1.12628
1510481420,-0.737782,0.183328,0.191298,0.353313,0.0881873,-0.107849,0.337343,-0.530168
1510481424,-0.00564348,0.182795,-0.124209,0.377697,-0.0606996,0.0392659,0.485953,-1.04381
1510481427,-0.217103,0.213494,-0.0220868,0.15464,0.0681696,0.0788508,-0.267416,-0.829493
1510481430,-0.20786,0.292434,-0.0550214,0.136907,0.0617755,-0.00747967,-1.16869,0.241573
1510481433,-0.252996,0.207328,-0.183344,0.249861,-0.156538,-0.0342467,-0.354459,-0.131992
1510481436,-0.231699,0.306144,-0.179317,0.390279,0.183571,0.161936,0.604505,-0.616122
1510481439,-0.153761,-0.0885319,-0.0267565,0.161085,-0.0702899,-0.250008,0.362332,-0.606736
1510481442,-0.0790393,0.459538,-0.300005,0.252884,0.094375,-0.166424,-0.656744,-0.145777
1510481445,0.132873,0.552198,-0.118431,0.259812,-0.197191,-0.259927,-0.804027,0.580125
1510481448,0.020458,0.399827,0.0601813,0.326473,-0.0956544,-0.106584,0.086097,0.085636
1510481450,0.0335671,0.425678,0.143283,0.0899821,-0.285155,-0.192574,-0.222573,0.283952
1510481454,-0.315674,0.372095,0.0362001,0.214893,-0.147651,-0.340521,-0.503593,0.00340913
1510481457,-0.32712,0.0556306,0.0608067,0.156993,-0.0465839,-0.0600123,-0.41571,0.463578
1510481460,-0.325086,0.353319,-0.310991,-0.090684,-0.19524,-0.16813,0.364987,-0.185139
1510481463,-0.21926,0.504791,-0.152392,0.321558,-0.142052,-0.332746,0.634999,-0.685667
1510481466,-0.0528809,0.695898,-0.236416,0.348009,-0.397506,-0.439047,-0.150546,0.146953
1510481469,-0.321432,0.620857,-0.254343,0.35197,-0.0964498,-0.310258,-0.902896,0.355272
1510481472,-0.384559,0.639685,0.0105162,0.158896,-0.0328102,-0.420372,-0.644909,-0.0424189
1510481475,-0.122042,0.946067,0.156188,0.350986,-0.246438,-0.382932,0.138545,-0.292415
1510481478,-0.346716,0.801084,0.0291126,0.696767,-0.115932,-0.453907,0.643702,-0.746577
1510481480,-0.336084,0.644206,-0.181618,0.542077,-0.141921,-0.477721,-1.15328,-0.294958
1510481484,-0.632845,0.533975,-0.332761,0.424662,-0.0983655,-0.265725,-0.804348,-0.182101
1510481487,-0.568958,0.354723,-0.248571,0.0768233,-0.0459367,-0.415892,0.293075,-0.831139
1510481490,-0.873865,0.165902,-0.277154,0.220113,-0.0821487,-0.389102,0.358797,-1.42468
1510481493,-1.01806,0.260092,-0.194246,0.0430612,-0.00706162,-0.282996,-0.853052,-0.612865
1510481496,-0.765118,0.271919,-0.310666,0.131228,-0.110879,-0.0743437,-1.30107,-0.416923
1510481499,-0.61767,0.405651,-0.312919,0.411293,-0.00696151,-0.0529565,-0.227189,-0.73223
1510481502,-0.637592,0.456425,-0.0929739,-0.190391,-0.0865243,-0.321053,0.0615628,-0.707722
1510481505,-0.663935,0.112231,-0.0976408,0.0452369,-0.165381,-0.0568906,-0.743954,-0.42695
1510481508,-0.446211,0.234342,-0.317728,-0.0464025,-0.272399,-0.238731,-1.28947,0.128523
1510481510,-0.435684,-0.00167083,-0.21403,0.114937,-0.331875,-0.223313,0.227385,-1.62586
1510481514,-0.531796,0.408329,0.18085,-0.191743,-0.234246,-0.431277,0.0157999,-1.22383
1510481517,-0.500566,0.312038,0.126539,-0.215591,-0.222422,-0.136811,-1.09705,-0.0100863
1510481520,-0.640866,0.0612302,-0.25086,-0.068022,-0.0833809,-0.30274,-1.48929,-0.052329
1510481523,-0.537298,0.129208,-0.216394,0.140853,-0.368368,-0.128721,-0.298963,-0.791556
1510481526,-0.362275,0.497238,0.0525793,0.136305,-0.251485,-0.235757,-0.0674076,-0.881106
1510481529,-0.466798,0.302055,0.269917,0.139043,-0.077541,-0.239616,-0.540424,-0.319371
1510481532,0.0812448,0.574137,-0.276861,0.0720198,-0.00963349,-0.168516,-1.06665,0.380445
1510481535,0.151234,0.43731,-0.124633,-0.0259509,0.114083,-0.192766,-0.938066,0.150894
1510481538,0.116384,0.229738,-0.0254202,0.140963,-0.510895,-0.546728,0.434532,-0.546158
1510481540,-0.421116,0.182432,0.0669916,0.262002,-0.145313,-0.142433,-1.02075,0.0786421
1510481544,0.16872,0.377221,-0.00507025,0.514903,-0.332171,-0.569093,-1.13482,-0.0329985
1510481547,-0.360078,0.0931423,0.0626007,0.311583,-0.393097,-0.568081,-0.926302,-0.257861
1510481550,-0.0209252,0.295943,-0.0420997,0.148604,-0.23046,-0.565835,-0.0495334,-0.879652
1510481553,-0.311862,0.269759,-0.024378,0.358194,-0.384839,-0.727622,0.320126,-0.689919
1510481556,-0.234567,0.363,-0.071426,0.0509303,-0.49971,-0.764374,-0.443652,0.0431879
1510481559,-0.49683,0.173091,0.0856059,0.161236,-0.295381,-0.630125,-1.10256,0.875021
1510481562,-0.329827,0.130183,-0.0917261,-0.0899098,-0.471884,-0.55908,-0.899791,-0.156041
1510481565,0.120584,0.396079,-0.0111231,0.415131,-0.453847,-0.675109,0.0482469,-0.502736
1510481568,-0.0500266,0.205586,-0.044853,0.337718,-0.563956,-0.649281,-0.187581,-0.592895
1510481570,-0.017084,-0.105684,-0.291188,0.0169493,-0.482026,-0.270854,-1.14718,-0.150302
1510481574,0.120562,-0.666721,-0.312132,0.0487452,-0.74877,0.158501,-1.00928,-0.549775
1510481577,0.08023,-0.339695,0.002683,-0.0807016,-0.702785,0.109402,-0.285333,-0.81081
1510481580,-0.0948312,-0.313629,-0.348473,-0.0820177,-0.614188,0.0939941,0.385809,-1.40015
1510481583,-0.0759207,-0.269981,-0.342386,-0.16556,-0.632763,0.174656,0.394758,-1.78489
1510481586,0.102476,-0.0605634,-0.294533,0.0932137,-0.579965,-0.0306437,-0.27445,-1.4513
1510481589,0.0158181,0.0878542,-0.393464,0.200886,-0.519634,-0.0784826,-0.981274,-0.776188
1510481592,0.0766411,-0.0400049,-0.430893,0.404175,-0.643987,-0.384131,-1.03199,-0.261925
1510481595,-0.113122,0.131673,-0.624516,0.259552,-0.949129,-0.423071,-0.355872,-1.19566
1510481598,-0.0182363,0.331142,-0.303325,0.585287,-0.748587,-0.349437,0.14897,-1.76691
1510481600,-0.207376,0.272478,-0.624655,0.11336,-0.943816,-0.179129,-1.25339,-1.06178
1510481604,-0.299365,-0.221291,-0.70509,0.299447,-0.827555,-0.0627448,-0.99053,-0.903076
1510481607,-0.369049,0.0723007,-0.39047,0.150176,-0.852143,-0.127747,0.0914352,-1.32285
1510481610,-0.288406,-0.224889,-0.465335,-0.197618,-1.00699,-0.236655,0.562028,-1.97416
1510481613,-0.217659,-0.498326,-0.810799,-0.153746,-0.771368,-0.0372912,-0.567669,-1.30842
1510481616,-0.576802,-0.274432,-0.709412,-0.0148728,-1.02452,-0.302055,-1.54607,-0.900853
1510481619,-0.313671,-0.00260409,-0.291303,-0.0839819,-1.0741,-0.125032,-0.279406,-1.30847
1510481622,-0.560302,-0.262217,-0.247853,0.0146563,-1.02658,-0.15464,0.156519,-2.12942
1510481625,-0.454675,-0.219392,-0.0238613,0.0948314,-0.874816,-0.013392,-0.312607,-1.6778
1510481628,-0.301819,0.00197305,0.0227413,0.113422,-0.741186,0.0235097,-1.06292,-0.749933
1510481630,-0.151605,0.205786,0.178677,0.0361205,-0.839813,-0.160128,0.815806,-2.06589
1510481634,-0.316867,-0.146255,0.477993,0.0130809,-0.790544,0.190452,0.672667,-1.89007
1510481637,0.0250814,0.183956,0.485362,0.324872,-0.966696,0.12966,0.339198,-1.43005
1510481640,-0.143208,-0.0612558,0.132392,0.095728,-0.444935,0.31868,-0.74485,-0.71258
1510481643,-0.319867,-0.0227222,0.0643043,0.370456,-0.677444,0.433002,-0.803483,-0.901298
1510481646,-0.0108226,-0.151986,0.0605627,-0.181123,-0.681152,0.23908,0.46764,-1.26273
1510481649,0.300361,-0.19658,0.27374,-0.199263,-0.654766,0.128937,0.199059,-0.853035
1510481652,-0.0450946,-0.146808,0.0515222,0.0968631,-0.712456,-0.0645157,-0.958486,-0.105437
1510481655,0.555492,0.0436284,-0.534526,0.14783,-0.838213,0.252371,-0.117695,-0.600809
1510481658,0.318486,-0.214435,-0.637337,0.218197,-0.610971,0.159397,0.722859,-1.21189
1510481660,0.454274,-0.00348269,-0.589735,0.438255,-0.859034,0.242378,-0.686787,-0.53061
1510481664,0.574315,-0.0869995,-0.631859,0.533965,-0.699091,0.133073,-0.187541,-0.40621
1510481667,0.677197,0.369009,-0.404306,0.0359642,-0.85917,0.0856358,-0.613748,-0.19808
1510481670,0.373469,0.0141522,-0.828751,0.378937,-0.788838,-0.125471,-0.110116,-0.428346
1510481673,0.544502,-0.095664,-0.969669,0.290404,-0.657848,0.082611,0.746567,-1.21198
1510481676,0.44499,0.257126,-0.569625,0.0348922,-0.869672,-0.0178642,0.754741,-1.30376
1510481679,0.48726,0.135391,-0.446049,0.0136966,-0.67554,-0.0196353,-0.369482,-0.444909
1510481682,0.430636,-0.149202,-0.756393,-0.308764,-0.456285,0.38625,-0.313526,-0.725587
1510481685,0.547235,-0.0165047,-0.299096,-0.246068,-0.800516,0.242355,0.862631,-1.08857
1510481688,0.236018,-0.00490378,-0.457406,-0.321279,-0.603501,0.285847,0.994439,-1.68583
1510481690,0.200454,-0.00414905,-0.402708,-0.471583,-0.879373,-0.0577539,-0.473789,-0.215803
1510481694,0.1744,-0.119674,-0.441507,-0.201776,-0.771449,0.253482,-0.387421,-0.529206
1510481697,0.179386,-0.0495054,-0.104795,-0.114768,-0.812432,0.0672421,0.490473,-1.05114
1510481700,-0.0198435,-0.218124,-0.375926,0.163605,-0.745173,0.0423306,0.516198,-1.51633
1510481703,0.126934,-0.290646,-0.460991,0.130361,-0.851372,-0.0814727,-0.0948519,-1.12809
1510481706,0.00757706,-0.701447,-0.224168,0.238304,-0.654714,0.153831,-1.12334,-0.603343
1510481709,0.0279215,-0.257399,-0.626688,0.165614,-0.605256,0.0191922,-0.874466,-0.730165
1510481712,-0.134635,-0.22017,-0.341142,0.202175,-0.966282,-0.0475651,-0.326359,-1.29068
1510481715,-0.0440695,-0.373423,-0.720465,-0.147076,-0.731985,0.393771,0.547212,-1.92403
1510481718,-0.02582,-0.398036,-0.601281,-0.13119,-0.863272,0.295992,0.155315,-1.98208
1510481720,-0.201512,-0.496915,-0.807454,-0.211267,-0.917506,0.360835,-1.00408,-1.39357
1510481724,-0.0945123,-0.147863,-0.943902,-0.153061,-0.800395,-0.0376227,-0.756915,-1.16742
1510481727,-0.170207,-0.0462086,-0.737551,-0.325567,-0.836247,-0.149873,0.216252,-1.65477
1510481730,-0.0788024,0.157184,-0.718779,0.103458,-0.666633,0.215176,0.786579,-2.16546
1510481733,-0.0454763,-0.0324189,-0.891752,0.0680889,-0.743263,0.204985,-0.398667,-1.6248
1510481736,-0.0112423,0.10749,-0.487886,0.235775,-1.03698,0.141713,-0.810558,-1.28312
1510481739,0.215691,-0.0610606,-0.45664,0.296534,-0.998746,-0.0752135,-0.124487,-1.81388
1510481742,-0.182663,-0.0616656,-0.0964328,-0.172703,-1.12687,0.0483736,0.762804,-1.93071
1510481745,0.316865,-0.227524,-0.732722,-0.166837,-1.05733,0.175707,0.109147,-1.27847
1510481748,0.142992,-0.319533,-0.44675,0.0830709,-0.799583,0.436325,-0.339348,-1.40016
1510481750,0.313394,-0.3289,-0.243379,-0.155522,-1.0945,0.062722,-0.422271,-1.28277
1510481754,0.489376,-0.39019,-0.461778,-0.0665092,-0.96493,0.114961,-0.900168,-1.06057
1510481757,0.410752,-0.361939,-0.898187,0.0474632,-1.16801,0.0956657,-0.0259078,-1.61954
1510481760,0.253999,-0.171398,-0.27861,0.213735,-1.21806,-0.0341327,0.217246,-1.12118
1510481763,0.435831,-0.191418,-0.553038,0.122671,-1.06241,0.0913574,-0.40571,-1.03582
1510481766,0.895073,0.106663,-0.12934,-0.0549945,-1.2323,-0.00571929,-0.977258,-0.974592
1510481769,0.710284,-0.191804,-0.783293,-0.127593,-1.0338,0.0488304,-0.488039,-0.533258
1510481772,0.597866,-0.489684,-0.380241,0.223037,-1.33421,0.0499909,0.63276,-1.26921
1510481775,0.451197,-0.366541,-0.0794927,0.19198,-0.867195,0.225676,0.289017,-0.253591
1510481778,0.20794,-0.371007,-0.246352,-0.21167,-1.05173,0.152721,-0.708823,-0.24019
1510481780,0.63338,-0.409736,-0.290708,-0.116838,-0.946664,0.206297,1.19917,-1.34599
1510481784,0.70921,-0.214187,-0.544615,-0.0474264,-1.15206,0.169982,0.45884,-1.00111
1510481787,0.604389,-0.290306,-0.763071,-0.113055,-0.867308,0.318383,-0.0195886,-1.02467
1510481790,0.768067,-0.325341,-0.546367,-0.274188,-1.04416,0.130139,-0.847812,-0.857133
1510481793,0.619627,-0.234718,-0.510771,-0.0467533,-0.973519,0.255348,-0.636338,-1.04975
1510481796,0.87172,-0.200759,-0.648731,-0.251226,-0.871293,0.163346,0.402681,-1.67348
1510481799,0.828296,-0.307875,-0.485218,-0.278851,-0.908987,0.341272,0.738013,-1.16234
1510481802,0.875642,-0.179636,-0.521846,-0.0272084,-1.04853,0.221727,0.12508,-0.709379
1510481805,0.472321,-0.422943,-0.576475,-0.10366,-0.927843,0.341103,-1.15121,-0.326514
1510481808,0.406617,-0.250149,-1.00267,-0.147665,-1.09862,0.298954,-0.204561,-0.74579
1510481810,0.578978,-0.245554,-0.846141,-0.29536,-0.995471,0.302204,0.201602,-1.42988
1510481814,0.16907,-0.398432,-0.398484,-0.133466,-0.692775,0.405127,0.19079,-1.46396
1510481817,0.520722,-0.0684309,-0.229602,-0.272525,-0.658996,0.538375,-0.545828,-1.36873
1510481820,0.592053,-0.0746558,-0.620594,-0.433342,-0.713388,0.44555,-1.18053,-0.955761
1510481823,0.512579,0.125757,-0.578763,-0.522639,-0.907477,0.387009,-0.537818,-1.30002
1510481826,0.404367,-0.138867,-0.856956,-0.267349,-1.00156,0.450826,0.4172,-1.6665
1510481829,0.429434,0.0651398,-1.07019,-0.380933,-1.01804,0.227638,0.250086,-1.48708
1510481832,0.258818,-0.170115,-0.982009,-0.632399,-0.907875,0.322114,-0.438727,-0.487076
1510481835,0.0201308,-0.115776,-0.7603,-0.267429,-0.976644,0.494209,-0.984219,-0.479178
1510481838,0.282127,0.012401,-1.08497,-0.114489,-0.888895,0.432012,-0.4665,-1.16551
1510481840,0.0657026,0.00965361,-0.928939,-0.387111,-0.913341,0.224446,0.588478,-1.09606
1510481844,-0.146917,-0.326455,-0.692582,-0.517596,-0.820905,0.0354322,0.656184,-0.934624
1510481847,-0.000606475,-0.268709,-0.647974,-0.500571,-0.779257,0.394694,0.0111232,-0.856166
1510481850,-0.00260273,-0.0864711,-0.191681,-0.401875,-0.864166,0.424402,-0.851496,-0.229738
1510481853,0.165193,-0.0668228,-0.254284,-0.40584,-0.824861,0.519213,-0.0997468,-0.700281
1510481856,0.421851,-0.112296,-0.186499,-0.621694,-1.10175,0.0937368,0.658549,-1.36615
1510481859,0.626519,-0.0781682,-0.158572,-0.66557,-0.938383,0.249525,-0.253381,-0.213129
1510481862,0.571125,-0.0485155,-0.339398,-0.923622,-0.85513,0.203069,-0.477904,-0.057923
1510481865,0.845316,-0.144063,0.0736779,-0.564187,-1.10774,0.136666,0.487506,-1.09483
1510481868,0.868786,-0.00826263,-0.44302,-0.412112,-0.985958,0.278159,0.769609,-1.34754
1510481870,0.970986,0.0487242,-0.0128397,-0.439483,-0.816908,0.430249,-0.668999,-0.163542
1510481874,0.906488,0.00503502,0.0913583,-0.514799,-0.934732,0.330572,-0.91066,-0.343036
1510481877,1.06408,0.171556,0.0868779,-0.585203,-0.946709,0.192262,-0.530088,-0.238303
1510481880,1.20954,0.139521,0.0218348,-0.563383,-0.982813,0.223922,0.240248,-1.37969
1510481883,0.779575,0.00149105,0.00408778,-0.536146,-0.850544,0.237243,0.390761,-1.70717
1510481886,1.1571,0.112318,-0.165561,-0.287212,-0.629662,0.295819,-0.152855,-0.651651
1510481889,1.05797,-0.0198101,-0.670951,-0.50271,-0.876935,0.221897,-0.565876,-0.806417
1510481892,1.10581,-0.169647,-1.07725,-0.415014,-0.585509,0.273559,0.585584,-1.9814
1510481895,1.33579,0.229257,-0.468512,-0.208385,-1.0071,-0.0197279,0.542987,-1.79533
1510481898,1.24624,0.386732,-0.705582,-0.40835,-0.893671,0.112266,-0.694232,-0.758849
1510481900,1.47932,0.202027,-0.523043,-0.534403,-0.793771,0.102722,0.560656,-1.96091
1510481904,1.06996,0.0400299,-0.709525,-0.773014,-0.888163,-0.0828778,0.534613,-1.87019
1510481907,1.28456,0.19373,-0.320135,-0.815368,-0.752352,0.139492,0.160727,-1.88215
1510481910,1.25409,0.236445,-0.386884,-0.341498,-0.994691,0.174592,-0.598581,-1.63375
1510481913,1.2038,0.153812,-0.204113,-0.284382,-0.853253,0.174251,-0.44092,-1.29668
1510481916,1.2058,0.138756,-0.484897,-0.397713,-0.793596,0.174921,0.46251,-2.10653
1510481919,1.10396,0.124171,-0.564264,-0.386285,-0.799098,0.761191,0.495434,-2.42261
1510481922,0.875006,-0.428831,-0.666986,-0.320881,-0.687889,0.388379,-0.187977,-1.74567
1510481925,0.926369,-0.0196371,-0.416078,-0.598916,-0.678737,0.817033,-0.813334,-1.38121
1510481928,0.546554,-0.42762,-0.307699,-0.512877,-0.646491,0.66381,-0.516379,-1.66355
1510481930,0.799022,-0.252266,-0.185636,-0.658306,-0.706954,0.529063,0.199666,-1.59515
1510481934,0.514625,-0.322946,-0.605378,-0.588163,-0.814753,0.552283,0.636061,-1.54148
1510481937,0.282486,-0.328353,-0.818604,-0.366982,-0.805944,0.362341,-0.571477,-1.02218
1510481940,0.294436,-0.453974,-0.603026,-0.284552,-0.681492,0.47029,-0.784324,-0.891811
1510481943,0.495768,-0.331651,-0.396333,-0.504848,-0.987717,0.591351,0.315767,-1.76731
1510481946,0.432561,-0.144595,-0.405222,-0.397032,-0.68258,0.631149,0.60387,-1.5996
1510481949,0.421961,-0.28382,-0.86509,-0.481295,-0.68028,0.507212,0.0921024,-1.19608
1510481952,0.482368,-0.333303,-0.643573,-0.538311,-0.53419,0.760607,-0.844524,-0.947776
1510481955,0.194524,-0.364774,-0.51344,-0.504524,-0.740721,0.665795,-0.941634,-0.904897
1510481958,0.235218,-0.425871,-0.294974,-0.513348,-0.584977,0.530066,-0.30252,-1.07285
1510481960,0.251771,-0.42429,-0.777739,-0.235346,-0.918124,0.384846,0.212245,-1.27
1510481964,0.657998,-0.560363,-0.669151,-0.173779,-1.02147,0.258102,-0.0554573,-1.39152
1510481967,0.502946,-0.583948,-0.451168,-0.350192,-0.735995,0.270909,-0.983883,-0.497452
1510481970,0.659203,-0.153172,0.236901,-0.0670533,-1.05157,-0.0469497,-1.06483,-0.815899
1510481973,0.533523,-0.407037,0.409978,-0.167055,-0.97336,0.39727,-0.0987594,-1.83159
1510481976,0.498195,-0.215847,0.54975,-0.570249,-0.948536,0.262316,0.646859,-1.88591
1510481979,0.611597,-0.328527,-0.0330511,-0.659924,-0.850762,0.359983,0.170449,-1.57942
1510481982,0.59016,-0.472772,0.39234,-0.460294,-0.823421,0.44868,-0.766632,-1.5479
1510481985,0.790401,-0.247039,0.0542269,-0.44763,-0.680555,0.501082,-0.388251,-1.39559
1510481988,0.600889,-0.331692,0.292646,-0.281566,-0.841742,0.345948,0.732961,-1.9649
1510481990,0.808166,-0.170732,0.163901,-0.108226,-0.881692,0.264587,-0.279497,-1.74937
1510481994,1.25748,0.0385364,-0.177687,-0.610803,-1.00535,0.249896,0.502265,-2.11195
1510481997,1.53548,0.0442849,-0.315159,-0.0850974,-0.8473,0.263765,-0.0957751,-0.893335
1510482000,1.29328,-0.0720725,-0.210069,-0.524152,-0.990167,0.0952914,-0.27387,-0.178651
1510482003,1.07338,-0.373299,-0.27177,-0.742525,-0.818395,0.0822581,-0.234417,-0.532443
1510482006,1.00148,-0.266686,-0.389807,-0.592831,-0.815193,0.129595,0.613875,-1.50169
1510482009,0.922632,-0.170767,-0.30427,-0.393376,-0.869091,-0.031473,0.490296,-1.73367
1510482012,1.18247,-0.192437,-0.656491,-0.597075,-0.683771,0.164835,-0.420492,-0.621156
1510482015,0.943572,-0.175128,-0.605031,-0.585121,-0.777868,-0.0159968,-1.16502,-0.0795573
1510482018,1.18482,-0.11067,-0.379585,-0.620313,-1.01893,0.0495127,-0.57332,-0.537246
1510482020,0.865256,-0.0892899,-0.300029,-0.499824,-0.915065,-0.0878661,0.275147,-1.29145
1510482024,1.0027,-0.188065,-0.299092,-0.382995,-0.855599,-0.138255,0.556247,-1.20326
1510482027,1.37825,-0.24981,-0.430645,-0.656116,-0.964548,0.0096763,-0.142497,-0.622986
1510482030,1.22213,-0.279797,-0.79345,-0.535751,-0.744967,0.275568,-0.886887,-0.343891
1510482033,1.10419,-0.349953,-0.543814,-0.574857,-0.712376,-0.134851,-1.16745,-0.348617
1510482036,1.347,-0.146974,-0.287948,-0.605272,-0.924714,0.100664,-0.685026,-0.635406
1510482039,1.02862,-0.342559,-0.486569,-0.46016,-1.04856,0.0683772,-0.0429085,-0.79966
1510482042,0.982053,-0.176569,-0.743214,-0.460185,-0.883535,0.119232,0.700326,-1.13267
1510482045,1.00177,-0.247327,-0.676746,-0.366103,-0.75442,0.152879,0.55725,-0.966095
1510482048,1.04512,-0.146907,-0.810646,-0.493684,-0.90403,0.0838417,-0.693425,-0.498469
1510482050,1.10032,-0.284314,-0.788938,-0.471589,-0.782768,0.19528,0.116692,-0.975716
1510482054,0.692742,-0.285347,-0.782946,-0.651474,-0.800256,0.219016,0.0833146,-1.1589
1510482057,0.495618,-0.385089,-0.587184,-0.763697,-0.81642,0.236955,0.874448,-1.1946
1510482060,0.528847,-0.374689,-0.988036,-0.293315,-0.887503,0.287845,0.0700263,-0.997726
1510482063,0.242113,-0.446315,-0.727796,-0.577489,-0.836577,0.226593,-0.800158,-0.665598
1510482066,0.385597,-0.323691,-0.457251,-0.656805,-0.954188,0.198555,-0.317456,-0.541681
1510482069,0.427126,-0.338207,-0.35595,-0.57157,-0.920113,0.0881335,0.13771,-1.55941
1510482072,0.304064,-0.401429,-0.513568,-0.415453,-0.951195,0.0996558,0.856925,-1.72947
1510482075,0.811444,-0.367013,-0.38123,-0.497701,-0.7461,0.10235,-0.406514,-1.96021
1510482078,0.309005,-0.385938,-0.120688,-0.670348,-0.862212,-0.0330986,-0.895681,-1.05
1510482080,0.915939,-0.181812,-0.206638,-0.646523,-0.872676,-0.0859856,0.764765,-2.22852
1510482084,0.793521,-0.121014,0.083884,-0.237418,-0.726177,0.223023,0.356526,-2.06986
1510482087,1.14266,-0.134182,0.169872,-0.5059,-0.893997,0.0234558,-0.0103891,-1.85913
1510482090,1.07145,-0.428886,0.0751944,-0.453988,-0.84208,0.0907271,-0.869975,-1.21079
1510482093,0.842828,-0.44662,0.270897,-0.486786,-0.737425,0.0910096,-0.614888,-0.736713
1510482096,1.01006,-0.582667,0.329476,-0.411087,-0.777289,0.067878,-0.151393,-1.43095
1510482099,0.924835,-0.788115,0.254157,-0.529846,-0.867318,0.246853,0.39282,-2.08234
1510482102,1.17294,-0.580659,-0.335346,-0.727411,-0.90597,0.288822,-0.824423,-1.38158
1510482105,1.17392,-0.83341,0.119897,-0.628794,-0.761179,0.14294,-0.983623,-0.797907
1510482108,1.36036,-0.364777,-0.307821,-0.162772,-0.980596,0.0175751,-0.38803,-0.987153
1510482110,1.18911,-0.481637,-0.106807,-0.502263,-1.03708,-0.0270657,-0.534221,-0.780678
1510482114,1.2386,-0.411071,-0.012949,-0.766253,-1.11326,-0.0134924,-0.311453,-0.542821
1510482117,1.56753,-0.0831257,-0.669878,-0.672283,-1.03373,-0.120292,-1.06385,-0.320999
1510482120,1.74618,-0.246698,-0.174988,-0.80649,-0.881072,0.00453856,0.477635,-0.621903
1510482123,1.42234,-0.389353,-0.465932,-0.544598,-0.868651,0.217611,0.920104,-0.778509
1510482126,1.2771,-0.43848,-0.632958,-0.426169,-0.87978,0.212739,-0.601106,-0.115676
1510482129,1.41223,-0.463557,-0.705201,-0.405876,-1.06815,0.150833,-0.734413,-0.38611
1510482132,1.37645,-0.546499,-0.78337,-0.185712,-1.05896,0.243759,0.0498482,-1.05437
1510482135,1.22533,-0.736224,-0.387448,-0.340597,-0.824698,0.475032,0.273242,-1.41874
1510482138,1.4319,-0.50672,-0.530864,-0.585552,-1.01568,-0.0388864,-0.447701,-0.536298
1510482140,1.34956,-0.532772,-0.408618,-0.554509,-1.10529,-0.000981293,-0.0215579,-0.816218
1510482144,1.54058,-0.390803,-0.297866,-0.607024,-1.16929,-0.0916947,-0.0645474,-0.559515
1510482147,1.24266,-0.395258,-0.181059,-0.583368,-1.00502,0.104214,0.523078,-1.38211
1510482150,1.37535,-0.398964,-0.107373,-0.29852,-0.788039,0.165844,-0.0887516,-1.43746
1510482153,1.26271,-0.54061,-0.426674,-0.353222,-0.707141,0.241084,-0.842646,-0.63844
1510482156,1.05277,-0.563344,-0.38261,-0.515267,-0.705812,0.446957,-0.0358188,-0.947269
1510482159,1.22294,-0.367189,-0.47328,-0.00903521,-0.7922,0.406337,0.530902,-2.1186
1510482162,0.75254,-1.11331,-0.513264,-0.154002,-0.514999,0.374639,-0.560499,-1.33357
1510482165,0.439803,-1.43148,-0.419505,-0.444869,0.095199,0.610661,-0.987156,-0.605431
1510482168,0.605253,-1.79265,-0.420209,-0.119327,-0.0142671,0.401671,-0.426108,-1.20616
1510482170,0.655492,-1.85621,-0.48096,-0.227294,-0.0304379,0.754986,0.234993,-1.71286
1510482174,0.644033,-1.87686,-0.51179,0.266144,0.0327907,0.819731,-0.531562,-1.2524
1510482177,0.577034,-2.23105,-1.01836,-0.270254,0.0366982,0.890295,-1.24358,-0.705176
1510482180,0.438612,-1.81132,-0.749038,0.205333,-0.372271,0.432514,-0.288482,-1.65043
1510482183,0.225825,-2.04013,-0.560805,-0.0895338,-0.0378851,0.551422,0.725174,-0.976557
1510482186,0.325265,-2.10871,-0.672256,-0.0325817,0.0780332,0.967202,-0.623772,-0.997469
1510482189,0.421914,-2.3521,-0.658144,-0.110823,0.205871,1.12643,-1.03158,-1.21522
1510482192,0.350754,-2.0135,-0.31154,-0.40035,-0.0256264,0.819004,-0.766253,-0.794594
1510482195,0.547491,-1.72049,-0.174642,-0.180466,-0.101286,0.778735,0.209556,-1.32801
1510482198,0.359528,-2.12652,-0.102645,-0.367363,0.201996,0.895239,1.0019,-1.44691
1510482200,0.333533,-2.1145,0.119382,-0.452176,0.0573864,0.940427,-0.693761,-0.234152
1510482204,0.70526,-1.9646,-0.684706,-0.777483,0.220679,0.885639,-0.765951,-0.295948
1510482207,0.818674,-1.85991,-0.456053,-0.470463,0.176279,0.691645,-0.631644,-0.0519468
1510482210,0.997996,-1.86919,-0.396336,-0.243546,0.0889861,0.71834,-0.0480453,-0.63357
1510482213,1.14742,-1.72587,-0.259195,-0.522866,0.202299,0.645886,0.281176,-1.23465
1510482216,1.2703,-1.61277,-0.289826,-0.493539,0.0118421,0.618142,-0.214442,-0.620928
1510482219,0.715832,-2.01355,-0.472985,-0.323592,0.0816768,0.964599,-0.947037,-0.423874
1510482222,1.2512,-1.74815,-0.658803,0.0163265,-0.0361956,0.803792,-0.935522,-0.249761
1510482225,1.14178,-1.66886,-0.165002,-0.673012,0.102848,0.896819,0.0823788,-1.06748
1510482228,1.29673,-1.81859,-0.227266,-0.607927,-0.0229149,0.767418,0.163402,-0.760085
1510482230,1.21571,-1.88059,-0.478139,-0.726115,0.283504,0.48209,-1.18837,-0.287654
1510482234,1.46633,-1.82598,-0.448915,-0.943904,-0.026481,0.863223,-1.05238,-0.345176
1510482237,1.39788,-2.01721,-0.0687917,-0.4544,0.0335353,0.900769,-0.0336601,-0.856344
1510482240,1.30749,-2.03424,-0.231698,-0.403528,-0.0677294,0.68514,0.31576,-1.08774
1510482243,1.07095,-1.8553,-0.132277,-0.57328,-0.0410061,0.429587,-0.399278,-0.697193
1510482246,1.66387,-1.81954,-0.17147,-0.810186,-0.243974,0.272463,-0.938559,-0.43827
1510482249,1.62058,-1.55136,-0.175528,-0.781492,-0.517311,0.251659,-1.00424,-0.290087
1510482252,1.67348,-1.57489,-0.423762,-1.01165,-0.742465,-0.0547264,-0.101098,-0.912302
1510482255,1.62998,-1.46505,-0.212287,-1.03264,-1.03869,0.269006,0.46714,-1.5697
1510482258,1.47171,-1.78795,-0.311858,-0.88008,-0.687244,0.594242,-0.614933,-1.09837
1510482261,1.13595,-1.97329,-0.21883,-0.811176,-0.463404,0.595906,-0.62518,-0.989252
1510482264,1.19183,-2.0077,-0.482859,-0.706664,-0.608358,0.860099,0.128477,-1.42639
1510482267,1.17483,-2.01084,-0.0359801,-0.64317,-0.49986,0.870104,0.521352,-2.09566
1510482270,0.682115,-2.05501,-0.254361,-0.782201,-0.298917,0.773803,0.158413,-1.73827
1510482273,0.809767,-2.07266,-0.173563,-0.864548,-0.263671,1.0316,-0.700115,-1.31616
1510482276,1.16373,-2.01456,-1.08066,-0.657102,-0.0901283,0.949413,-0.722341,-1.01783
1510482279,1.01016,-1.92545,-0.598851,-0.765883,-0.484491,0.790819,0.127825,-1.82346
1510482282,0.650534,-2.07048,-0.524783,-0.638496,-0.106578,0.915965,0.584084,-2.47429
1510482285,0.798129,-2.24614,-0.637716,-0.655989,-0.303484,0.966653,-0.062817,-2.00656
1510482288,0.702656,-2.08947,-1.0089,-1.03862,-0.382451,0.943453,-0.529497,-1.00142
1510482291,0.437349,-2.25378,-1.04512,-0.759745,-0.249205,0.915467,0.654353,-2.20695
1510482294,0.187056,-2.11372,-0.522222,-0.427173,-0.32261,0.868355,0.416768,-1.74304
1510482297,0.178572,-2.35205,-0.653912,-0.276692,-0.604592,0.63738,0.58851,-1.58744
1510482300,0.563352,-2.0808,-0.519045,-0.626301,-0.737518,0.748921,-0.407299,-0.509017
1510482303,0.526838,-2.19624,-0.764448,-0.568498,-0.74747,0.395925,-0.994983,-0.146235
1510482306,0.711534,-2.18269,-0.572945,-0.504384,-0.41591,0.628389,-0.563411,-0.437315
1510482309,0.865688,-2.22664,-0.414049,-0.529136,-0.509032,0.7555,0.105754,-0.795819
1510482312,1.00804,-2.06665,-0.134601,-0.218353,-0.379831,0.684989,0.458208,-1.34882
1510482315,1.1715,-1.74899,-0.100779,-0.673818,-0.460192,0.789996,0.235952,-0.722541
1510482318,1.17587,-1.79323,-0.246053,-0.560767,-0.503848,0.643611,-0.550001,-0.312765
1510482320,0.929511,-1.78001,-0.655505,-0.609137,-0.420786,0.857488,0.0574854,-0.701599
1510482324,0.849695,-2.05465,-1.16022,-0.693318,-0.477264,0.853304,-0.243576,-0.906748
1510482327,1.00805,-1.86047,-0.807273,-0.896737,-0.472747,0.708823,0.132024,-1.09945
1510482330,1.1869,-1.92316,-0.429007,-0.803518,-0.583476,0.6671,0.101913,-1.44225
1510482333,1.27396,-1.85221,-0.481465,-0.862432,-0.501791,0.591062,-0.279663,-0.811557
1510482336,0.915999,-2.2404,-0.797832,-0.965806,-0.501308,0.619553,-0.713211,-0.553807
1510482339,1.78861,-1.96867,-1.17372,-0.63014,-0.545085,0.44551,-0.150371,-0.746769
1510482342,1.65897,-1.75942,-0.831253,-0.614803,-0.966057,0.00236747,0.351962,-1.48484
1510482345,1.31217,-2.16505,-0.769062,-0.886042,-0.960758,0.0998362,0.240481,-1.06671
1510482348,1.5676,-1.77462,-0.465751,-0.681744,-0.885501,0.253142,-0.384144,-0.907617
1510482350,1.37479,-2.18222,-0.470594,-0.596803,-0.495972,0.831019,-0.159091,-1.32893
1510482354,1.2712,-2.43583,-0.445098,-0.508036,-0.218714,0.833304,-0.288143,-1.00158
1510482357,0.988608,-2.45424,-1.04682,-0.537343,-0.170865,0.655015,0.555279,-1.62916
1510482360,0.882583,-2.55745,-0.61701,-0.713621,-0.0845785,0.932921,1.01902,-1.98091
1510482363,1.01882,-2.583,-0.647496,-0.770554,-0.218528,0.892038,-0.139683,-1.41652
1510482366,1.00946,-2.39304,-0.994863,-0.438303,-0.499516,1.03767,-1.00128,-1.33852
1510482369,1.07468,-2.19997,-0.830802,-0.237567,-0.214199,1.11132,0.207968,-1.71993
1510482372,0.647023,-2.41534,-0.962559,-0.475334,-0.421296,0.855912,0.746388,-1.96336
1510482375,0.707612,-2.69708,-0.661729,-0.29646,-0.52638,0.750673,0.0847358,-1.39249
1510482378,0.600523,-2.36683,-0.729274,-0.437779,-0.453404,0.972798,-0.546112,-1.01397
1510482380,0.88594,-2.32835,-0.631414,-0.580586,-0.545195,0.543179,0.975917,-1.82049
1510482384,0.631229,-2.62383,-0.942945,-0.745828,-0.437787,0.605276,0.667767,-2.13448
1510482387,0.679509,-2.51763,-0.623801,-0.66608,-0.482586,0.792748,-0.585082,-1.03121
1510482390,0.871365,-2.22573,-0.680431,-0.615582,-0.549276,0.588763,-0.480211,-0.588166
1510482393,0.333484,-2.41773,-0.563947,-0.723508,-0.263278,0.569764,1.00575,-1.45581
1510482396,0.55276,-2.39202,-0.691304,-0.486384,-0.444337,0.349728,0.867876,-1.6351
1510482399,1.01421,-2.25899,-1.00458,-0.611714,-0.552461,0.546765,-0.0809275,-1.02688
1510482402,0.685778,-2.59352,-0.805232,-0.602683,-0.494265,0.734798,-0.760142,-1.13534
1510482405,0.673252,-2.36731,-0.62061,-0.630585,-0.407835,0.880012,0.383012,-1.78717
1510482408,0.481878,-2.40965,-0.226314,-0.577225,-0.364164,0.957921,0.924973,-2.30009
1510482410,0.766564,-2.26331,-0.287052,-0.875301,-0.483854,0.51697,-0.156297,-1.49074
1510482414,0.742042,-2.28547,-0.534822,-0.96288,-0.537229,0.580398,-0.292577,-1.68787
1510482417,0.674618,-2.53312,-0.540314,-0.817025,-0.416331,0.637533,-0.386353,-1.39099
1510482420,0.644447,-2.56797,-0.112739,-0.570932,-0.213661,0.750285,0.68055,-2.05238
1510482423,0.641344,-2.39025,-0.186752,-0.342113,-0.278829,0.873089,1.10404,-2.5521
1510482426,0.82531,-2.336,-0.335516,-0.0833331,-0.31881,0.695202,0.269397,-1.70454
1510482429,0.951554,-2.25987,0.160082,-0.477668,-0.4857,0.729883,-0.602577,-1.33583
1510482432,1.72261,-2.06631,-0.345695,-0.703157,-0.707527,0.400718,0.132047,-1.62348
1510482435,1.92556,-1.81053,-0.383665,-0.660495,-0.808786,0.272055,0.718129,-2.13959
1510482438,2.29021,-1.79325,-0.630712,-0.533735,-1.13649,0.285064,0.855748,-2.37488
1510482440,1.42199,-2.19286,-0.361895,-0.489099,-1.05737,0.21471,-0.38802,-1.37908
1510482444,1.48915,-2.15278,-0.940988,-0.375979,-0.510676,0.59759,0.0622873,-1.55905
1510482447,1.26708,-2.36977,-0.296461,-0.60094,-0.303098,0.490375,-0.252442,-1.18024
1510482450,1.68687,-2.35982,-0.387532,-0.215734,-0.126289,0.697398,-0.0452275,-1.63376
1510482453,1.55081,-2.3124,-0.414775,-0.375342,-0.318346,0.974564,0.739387,-2.13795
1510482456,1.28799,-2.25474,-0.525743,-0.280838,-0.65391,0.71878,1.08255,-1.86645
1510482459,1.512,-2.20401,-0.610629,-0.448697,-0.549929,0.707276,0.150077,-1.31802
1510482462,1.33602,-2.41924,-0.716801,-0.849249,-0.437928,0.836729,-0.332731,-1.05502
1510482465,1.36341,-2.29909,-0.715243,-0.621035,-0.635405,0.360857,0.268081,-0.991373
1510482468,1.48411,-2.45062,-0.469373,-0.625293,-0.418309,0.740165,1.05432,-1.38027
1510482470,1.55002,-2.27241,-0.549277,-0.774046,-0.480602,0.609078,-0.277968,-0.860882
1510482474,1.59108,-2.32753,-0.682238,-0.692417,-0.469771,0.626992,0.248452,-1.24625
1510482477,1.60736,-2.32881,-0.736936,-0.748468,-0.462831,0.525944,-0.536575,-0.65622
1510482480,1.25793,-2.32726,-0.853185,-0.987174,-0.31421,0.907288,-0.169967,-0.976615
1510482483,1.62956,-2.20324,-0.649163,-0.970872,-0.399066,0.679392,0.212921,-1.47478
1510482486,1.44848,-2.30874,-0.636895,-0.686377,-0.23257,0.618613,1.01295,-1.88322
1510482489,1.44196,-2.16612,-0.749726,-0.415068,-0.594285,0.519204,1.16029,-2.06059
1510482492,1.47564,-2.3019,-0.722025,-0.68548,-0.414008,0.458486,0.236034,-1.3241
1510482495,1.18923,-2.1768,-1.36333,-0.674917,-0.68994,0.624082,-0.0450249,-0.870094
1510482498,1.11931,-2.80617,-1.09582,-0.835565,-0.92983,1.20858,0.410773,-1.14675
1510482500,0.872476,-3.03901,-1.4428,-0.958966,-0.994907,1.15011,1.69777,-1.36782
1510482504,1.05169,-2.61127,-1.37013,-1.02956,-1.37991,0.543025,1.59483,-1.94522
1510482507,1.43795,-2.29483,-1.35272,-1.00549,-1.45644,0.280581,1.17604,-2.06508
1510482510,1.27931,-2.4041,-1.74892,-1.05788,-1.37661,0.485898,0.666846,-1.78566
1510482513,0.7159,-2.87002,-1.22091,-1.1361,-1.09647,1.12851,0.545186,-1.17491
1510482516,1.35505,-2.53162,-1.01676,-0.81802,-1.09493,0.934232,0.0230234,-1.17868
1510482519,1.1873,-2.1946,-0.611719,-0.933076,-0.713479,0.45846,0.583535,-1.72942
1510482522,1.41126,-2.14735,-0.502201,-1.19798,-0.538819,0.385704,0.920082,-2.19232
1510482525,1.56855,-2.37381,-0.60158,-1.30787,-0.874048,0.126954,1.37953,-2.21906
1510482528,1.73751,-2.28752,-0.737759,-1.11175,-1.04854,0.326005,0.786545,-1.66532
1510482530,1.86575,-2.05142,-0.438355,-1.42005,-1.04436,0.0635384,-0.486461,-1.34137
1510482534,1.62966,-2.63771,-0.0932567,-1.18284,-1.11431,0.214874,-0.327509,-1.1303
1510482537,1.83311,-2.80663,-0.676679,-1.27414,-0.580279,0.777134,0.207102,-1.70533
1510482540,1.85587,-2.812,-0.00246519,-0.836607,-0.610087,0.632425,1.18744,-2.37966
1510482543,1.95424,-2.79986,-0.496259,-0.977229,-0.352395,0.67786,1.45689,-2.65238
1510482546,1.9343,-2.82203,-0.735518,-1.17745,-0.684273,0.479124,0.615701,-2.10776
1510482549,1.74346,-2.74298,-0.386472,-1.2757,-0.454645,0.659755,-0.177018,-1.60949
1510482552,2.07214,-2.87522,-0.724691,-1.20436,-0.464348,0.666424,0.168171,-1.87598
1510482555,1.98706,-2.89489,-0.724448,-1.25905,-0.693106,0.655732,1.17035,-2.75583
1510482558,2.09104,-3.03409,-0.594699,-1.2753,-0.692621,0.397315,1.42075,-2.34457
1510482560,1.91816,-2.83952,-0.569815,-1.13043,-0.707492,0.277473,-0.0431243,-1.60716
1510482564,1.98393,-2.82868,-0.678367,-1.20274,-0.676578,0.347485,0.624728,-1.96562
1510482567,2.09971,-2.6454,-0.612438,-0.974903,-0.593857,0.380994,-0.0905989,-2.13866
1510482570,2.21845,-2.83758,-0.361039,-1.24688,-0.695718,0.358237,-0.0803235,-1.89776
1510482573,2.20558,-2.81381,-0.133072,-0.993895,-0.32314,0.356588,0.766656,-2.58187
1510482576,1.95068,-2.72321,-0.176184,-1.23204,-0.297569,0.16066,1.10509,-3.06161
1510482579,2.59972,-2.32903,-0.415487,-1.31338,-0.104411,0.327516,0.450747,-2.88494
1510482582,2.58377,-2.36454,-0.597697,-0.905633,-0.00946048,0.391,-0.243948,-2.2191
1510482585,2.2236,-2.51796,-0.437622,-0.821749,0.223223,0.53656,-0.386825,-2.04818
1510482588,2.53883,-2.30157,-0.49211,-0.842984,-0.0336303,0.321253,0.0665158,-2.37538
1510482590,2.66355,-2.14341,-0.556294,-0.662745,-0.0423103,0.219555,0.641263,-2.39281
1510482594,2.27795,-2.39333,-0.413174,-0.987399,0.0516468,0.158162,1.095,-2.17266
1510482597,2.25268,-2.56729,-0.385075,-0.936373,-0.0894217,0.341881,0.3226,-1.88277
1510482600,2.25837,-2.66091,-0.97844,-0.965057,-0.230768,0.585944,0.106406,-1.41105
1510482600,2.25837,-2.66091,-0.97844,-0.965057,-0.230768,0.585944,0.106406,-1.41105
1510482603,2.23879,-2.70349,-0.670022,-1.1768,-0.266404,0.41289,-0.0133885,-0.912961
1510482603,2.23879,-2.70349,-0.670022,-1.1768,-0.266404,0.41289,-0.0133885,-0.912961
1510482606,2.23633,-2.54149,-0.819011,-0.919929,-0.405904,-0.0251126,0.795758,-1.35658
1510482609,2.29026,-2.62861,-0.728622,-0.944452,-0.467385,0.0346343,1.27612,-1.94603
1510482612,2.23148,-2.49395,-0.681212,-1.05677,-0.472387,-0.0018072,0.861425,-1.65963
1510482615,2.13733,-2.75976,-0.776213,-0.696349,-0.438219,0.0844385,-0.00858334,-0.76616
1510482618,2.54521,-2.37552,-0.951338,-0.59328,-0.968162,-0.272897,-0.20299,-0.990293
1510482621,2.61822,-2.09587,-1.02916,-0.749256,-1.07237,-0.328841,1.12093,-1.67788
1510482624,2.55951,-1.9039,-0.758083,-0.416155,-1.23431,-0.811825,0.953011,-1.73835
1510482627,2.82701,-1.64759,-0.686349,-0.764208,-1.71151,-1.11094,0.19421,-1.16043
1510482630,3.10609,-1.27167,-0.675826,-0.973352,-1.98591,-1.52332,-0.164736,-0.345659
1510482633,3.18094,-1.20397,-0.522192,-0.808361,-1.96863,-1.51163,0.0788103,-0.728076
1510482636,3.34628,-0.80598,-0.729513,-0.92789,-1.87635,-1.57348,0.530273,-1.47984
1510482639,3.38394,-0.826885,-0.647176,-1.07833,-1.77612,-1.73402,0.923917,-1.46508
1510482642,3.17166,-1.15939,-1.10898,-1.07192,-1.81125,-1.4407,0.237662,-1.33012
1510482645,3.0923,-1.06575,-0.501466,-1.19676,-1.97371,-1.68881,-0.43176,-0.848748
1510482648,3.28984,-0.984648,-0.389104,-1.45982,-2.01269,-1.51124,-0.276156,-1.27766
1510482651,3.16554,-1.03706,-0.740411,-1.33219,-2.01776,-1.12831,0.714226,-2.19512
1510482654,3.33658,-1.08557,-0.393722,-1.2093,-2.06319,-1.55461,1.38898,-2.04227
1510482657,3.20389,-1.34549,-0.416469,-1.21557,-1.8453,-1.26391,0.316002,-1.8661
1510482661,3.36275,-0.982166,-0.228923,-1.19753,-1.99215,-1.61119,-0.314809,-1.53082
1510482663,3.46156,-0.946439,-0.520176,-1.21399,-1.89604,-1.60399,-0.0322699,-1.55673
1510482666,3.70324,-1.02868,-0.559447,-1.30939,-2.03423,-1.80546,0.88234,-1.79923
1510482669,3.51309,-1.08154,-0.115471,-1.14425,-2.08655,-1.92233,1.12718,-1.90476
1510482672,3.70593,-0.852209,0.177708,-1.35658,-2.06172,-1.72784,0.295689,-1.33146
1510482675,3.72377,-1.02407,-0.465957,-1.26256,-2.43822,-2.12943,-0.44575,-0.876952
1510482678,3.72155,-1.0944,0.0163599,-1.18783,-2.29035,-1.80356,0.147866,-1.32272
1510482681,3.55817,-1.27746,-0.35258,-1.13802,-2.19158,-2.00677,0.945893,-1.21601
1510482684,3.584,-1.10917,-0.648912,-1.14349,-2.19411,-1.71933,1.23724,-1.35701
1510482687,3.91223,-1.09243,-0.292681,-1.18516,-1.87341,-1.58642,0.285521,-0.971137
1510482691,3.77728,-0.93471,-0.128828,-1.09271,-2.20732,-1.68311,-0.358683,-0.82558
1510482693,3.84778,-0.799175,-0.0721,-0.852393,-1.98701,-1.46199,-0.35886,-0.524029
1510482696,4.05578,-0.692519,-0.22813,-1.23782,-2.01966,-1.6807,0.539025,-1.01656
1510482699,3.95723,-0.933051,-0.189556,-1.19606,-1.94723,-1.63178,0.851323,-1.24977
1510482702,3.5945,-1.12806,-0.253688,-1.33064,-1.91198,-1.67789,0.523733,-0.936642
1510482705,3.87573,-0.903433,0.0607993,-1.18934,-2.0971,-1.856,-0.355285,-0.136472
1510482708,3.67229,-0.804616,0.0383143,-1.46121,-1.91683,-1.67777,-0.303876,-0.269589
1510482711,3.35962,-0.926468,-0.124938,-1.25176,-1.8351,-1.60395,0.852233,-1.48568
1510482714,3.13055,-1.18646,-0.529736,-1.00395,-1.518,-1.07154,1.01162,-1.64685
1510482717,3.11817,-1.06806,-0.300426,-0.867371,-1.59071,-1.51603,0.5726,-0.922998
1510482721,3.28822,-0.722353,-0.286718,-0.999014,-1.82773,-1.80599,-0.289929,-0.810829
1510482723,3.37525,-0.378475,-0.30638,-0.872709,-1.83537,-1.46568,-0.451142,-0.873269
1510482726,3.49483,-0.114753,-0.380325,-1.15292,-1.8816,-1.46228,0.446607,-0.916092
1510482729,2.92326,-0.593461,-0.279694,-1.1073,-1.8631,-1.93101,0.731736,-0.730756
1510482732,3.38255,-0.637409,-0.447329,-1.02399,-2.56161,-1.86298,0.547964,-0.788869
1510482735,2.88759,-1.16376,-0.85974,-1.08972,-2.10346,-1.35486,0.181905,0.260389
1510482738,3.37781,-0.691049,-1.36499,-1.40333,-2.69303,-2.04883,-0.497874,-0.652387
1510482741,3.65648,-0.358122,-0.81562,-1.21874,-2.94934,-2.31839,0.793908,-1.44794
1510482744,3.43684,-0.408375,-1.21339,-1.10341,-2.91735,-2.05469,0.901315,-1.58949
1510482747,3.25962,-0.868724,-1.21837,-1.36189,-2.61447,-1.94776,0.622071,-1.19192
1510482751,2.79362,-0.997851,-0.974735,-0.639172,-2.56417,-1.91559,-0.161684,-0.366952
1510482753,2.99245,-0.739275,-0.504612,-1.03594,-2.37252,-2.05499,-0.52838,-0.886662
1510482756,2.96323,-0.507847,-0.165302,-0.918928,-2.1482,-2.15419,0.432453,-1.61403
1510482759,3.00499,-0.722551,-0.0909996,-1.43787,-2.23408,-2.19454,0.520852,-1.74817
1510482762,2.95848,-1.05804,-0.550816,-1.31687,-2.28872,-1.84781,-0.323422,-1.30147
1510482765,2.80667,-1.05223,-0.479103,-1.2898,-2.1575,-1.47149,-0.513278,-1.10489
1510482768,2.99046,-0.864315,-0.439064,-0.943604,-2.14965,-1.35509,-0.169652,-1.45544
1510482771,3.17095,-0.649422,-0.480721,-1.34121,-2.0824,-1.45152,0.393706,-1.83488
1510482774,3.22924,-0.817649,-0.578789,-1.0275,-2.27765,-1.96323,0.780752,-1.1162
1510482777,3.26862,-0.951402,-0.380689,-1.28915,-2.52831,-1.94085,-0.264923,-0.874353
1510482781,3.15324,-0.974607,0.0710095,-1.00909,-2.23365,-1.8416,-0.655595,-0.400158
1510482783,3.08657,-0.824675,-0.394339,-1.12187,-2.35248,-1.706,0.355161,-0.745016
1510482786,3.13367,-0.996202,0.0607477,-1.09099,-2.30353,-1.8168,1.02566,-1.16995
1510482789,3.44192,-1.04127,-0.319315,-1.05732,-2.12238,-1.72996,0.391707,-0.967575
1510482792,3.22921,-1.065,-0.245096,-0.857977,-2.32402,-1.81248,-0.410191,-0.246095
1510482795,3.15631,-1.26568,-0.162141,-1.16562,-2.13684,-1.86838,-0.515283,-0.242935
1510482798,3.6529,-0.767261,9.75789e-05,-1.05125,-2.22032,-1.89006,0.618235,-0.907406
1510482801,3.20046,-0.875043,-0.118326,-1.06207,-2.10336,-1.74261,0.244395,-0.402542
1510482804,2.902,-1.00793,-0.541446,-0.872087,-1.68436,-1.21003,0.120682,-0.773893
1510482807,2.77564,-0.991001,-0.447839,-0.933897,-1.61557,-1.13206,-0.594052,-0.0337076
1510482811,3.13395,-0.729276,-0.517183,-0.740066,-1.69021,-1.64486,0.276772,-0.0997637
1510482813,3.11915,-0.629027,-0.319627,-1.06038,-1.8892,-1.95511,1.02855,-0.741165
1510482816,3.16517,-0.450072,-0.360392,-1.10594,-2.17046,-1.99816,0.602724,-0.816763
1510482819,3.29282,-0.242004,-0.39538,-1.04483,-2.24234,-1.9509,-0.699002,-0.0108151
1510482822,3.46895,-0.368211,-0.656951,-1.15021,-2.31309,-1.6694,-0.724993,-0.323271
1510482825,3.5623,0.0653933,-0.32503,-0.824495,-2.12241,-1.57752,-0.312468,-0.659738
1510482828,3.43222,-0.108038,-0.512636,-0.548852,-2.06775,-1.58777,0.56389,-1.00108
1510482831,3.57004,-0.110852,-0.525532,-0.749301,-1.91727,-1.54127,-0.335246,-0.196449
1510482834,3.68058,-0.0570785,-0.0292856,-0.614885,-1.937,-1.49396,0.0248558,-0.399012
1510482837,3.6055,-0.067743,-0.165784,-0.855461,-1.85251,-1.4021,-0.387962,-0.511926
1510482841,3.38617,0.170226,-0.641535,-0.676017,-2.02255,-1.65661,-0.0190369,-0.519494
1510482843,3.38082,-0.160878,-0.754875,-1.11209,-2.05508,-1.70678,0.859952,-1.37686
1510482846,3.31147,-0.435385,-0.450822,-0.911529,-2.19505,-1.93749,0.667154,-1.58147
1510482849,3.28748,-0.0751456,-1.00004,-0.529225,-2.31798,-1.63998,-0.433635,-1.26339
1510482852,3.09035,-0.09809,-1.01591,-0.388967,-2.27518,-1.83739,-0.6359,-0.139142
1510482855,3.2714,-0.352568,-0.678852,-0.58755,-2.30354,-1.76617,-0.151021,-0.877472
1510482858,3.13102,-0.0181096,-0.765532,-0.506438,-1.8531,-1.51384,0.861453,-1.18092
1510482861,3.03629,-0.136161,-0.457244,-0.433587,-2.1088,-1.67414,0.163905,-0.763811
1510482864,2.77547,-0.232641,-0.780382,-0.177545,-1.88212,-1.59544,0.603672,-0.34274
1510482867,2.76288,-0.134449,-0.924353,-0.698846,-1.94862,-1.82742,-0.49713,0.431436
1510482871,2.48958,-0.389532,-0.780669,-1.21566,-2.12367,-1.51931,0.0106018,-0.081202
1510482873,2.7323,-0.297175,-0.622575,-0.810361,-2.24825,-1.94421,0.398858,-0.564501
1510482876,2.67871,-0.192705,-0.93731,-0.635273,-2.18563,-2.09291,1.0226,-0.789507
1510482879,2.79767,-0.309455,-0.75712,-0.651282,-2.35012,-1.97749,0.307678,-0.772702
1510482882,2.65556,-0.288001,-0.68497,-0.524861,-2.19897,-1.90454,-0.0828469,0.440208
1510482885,2.89676,-0.240416,-0.560468,-0.737862,-1.87575,-1.84833,-0.0300614,0.142867
1510482888,3.22239,-0.101526,-0.517035,-0.44532,-2.27604,-2.15496,0.581683,-0.519715
1510482891,3.18821,-0.099529,-0.318687,-0.296243,-2.21583,-1.93623,0.543651,-0.60364
1510482894,2.85332,-0.290292,0.213103,-0.260596,-2.26543,-1.83211,1.07015,-1.32581
1510482897,2.40224,-0.563298,0.3291,-0.207843,-1.91482,-1.82169,0.596904,-0.703263
1510482901,2.49488,-0.571876,0.0361954,-0.253279,-1.85333,-1.91006,-0.438794,-0.292418
1510482903,2.69173,-0.520401,0.324674,-0.491799,-1.78266,-1.84638,-0.157148,-0.375168
1510482906,2.85358,-0.222816,-0.239318,-0.158977,-2.09634,-2.18263,0.327095,-0.810509
1510482909,3.39366,0.119855,-0.65687,-0.478429,-1.8986,-1.79778,0.399238,-1.2341
1510482912,3.37433,0.0335123,0.179187,-0.470952,-1.9156,-2.01075,0.0220285,-0.917816
1510482915,3.46298,0.102122,-0.303197,-0.457997,-1.73998,-1.98127,-0.940768,-0.729311
1510482918,3.26152,-0.104939,0.140831,-0.730855,-1.69697,-1.74443,-0.667235,-0.685572
1510482921,3.36368,0.263809,-0.202212,-0.570012,-2.07443,-1.97631,0.199435,-1.64997
1510482924,3.21068,0.206553,-0.244319,-0.582723,-2.15538,-2.19406,0.574054,-1.76176
1510482927,3.18132,0.0711453,0.146156,-0.502443,-2.23071,-1.75027,0.266016,-1.37825
1510482931,2.81488,-0.297932,-0.16564,-0.31657,-2.21686,-2.17343,-0.582904,-0.703538
1510482933,2.8768,-0.409093,-0.123551,-0.589798,-2.39315,-1.98492,-0.724027,-0.881678
1510482936,3.25986,-0.0532523,-0.0193302,-0.385004,-2.29938,-1.99313,-0.25139,-1.17925
1510482939,3.05104,0.0266022,0.257595,-0.552396,-2.02031,-2.24313,0.404977,-1.77373
1510482942,2.90278,-0.0274438,0.145188,-0.278044,-2.20645,-2.2564,0.927845,-1.53473
1510482945,3.07665,-0.173844,0.137253,-0.682938,-2.2793,-2.41002,0.0403956,-0.992743
1510482948,2.71305,-0.100982,-0.0760888,-0.760878,-2.54093,-2.53485,-0.737815,-0.435253
1510482951,2.79204,-0.178546,-0.286568,-0.632457,-2.40691,-2.38567,0.609337,-0.890232
1510482954,2.90737,-0.0554022,-0.40134,-0.74436,-2.58505,-2.2625,0.658593,-0.533726
1510482957,3.18417,-0.186399,-0.416592,-0.73777,-2.35793,-1.98653,0.773127,-0.656337
1510482961,2.94808,-0.14155,-0.24681,-0.35232,-2.42914,-2.08583,0.480557,-0.244192
1510482963,2.52201,-0.214606,-0.147477,-0.45773,-2.38702,-2.27157,-0.753441,0.0340144
1510482966,2.30641,-0.300441,-0.689817,-0.359602,-2.59205,-2.50861,-0.631438,0.0960063
1510482969,2.07146,-0.605374,-0.649658,-0.415528,-2.62653,-2.38632,0.460393,-0.70204
1510482972,2.18549,-0.581257,-0.433107,-0.753561,-2.44433,-2.12094,0.870484,-0.638545
1510482975,2.15686,-0.655762,-0.314112,-0.39789,-2.57029,-2.41924,-0.548164,-0.118349
1510482978,2.27424,-0.411558,-0.399803,-0.632558,-2.24795,-2.28655,-0.735551,0.354985
1510482981,2.30053,-0.293549,-0.196266,-0.469377,-2.34942,-2.31817,0.720213,-0.856596
1510482984,2.29501,-0.401598,-0.331785,-0.480468,-2.22007,-2.3611,0.921159,-0.476016
1510482987,2.23594,-0.541708,-0.434827,-0.191648,-1.92862,-1.9381,1.07241,-0.728142
1510482991,1.96088,-0.956746,-0.504761,-0.369308,-1.61747,-1.76126,-0.141621,-0.454339
1510482993,2.15057,-0.802472,-0.043945,-0.368224,-1.90977,-1.73816,-0.489445,-0.133941
1510482996,1.97573,-1.40389,-0.178672,-0.116522,-2.32653,-1.58449,0.186008,-0.26872
1510482999,2.05478,-1.47128,-0.769188,-0.0510354,-2.52193,-1.46915,1.14775,-0.780687
1510483002,2.51488,-0.992016,-0.773955,-0.578623,-2.85763,-2.03687,0.701707,-0.305371
1510483005,2.88558,-0.979856,-0.413064,-0.62594,-3.06727,-2.46551,-0.705852,0.0919318
1510483008,2.44691,-0.981489,-0.642136,-0.57439,-2.91619,-2.47886,-0.52051,0.58582
1510483011,2.72371,-0.918024,-0.776598,-0.373965,-2.96734,-2.36479,0.990882,-0.415432
1510483014,2.55068,-0.969218,-0.395117,-0.302372,-3.03247,-2.21577,1.26825,-0.762913
1510483017,2.5949,-0.476449,-0.389015,-0.0235619,-2.89481,-2.55444,0.401323,-0.800267
1510483021,2.89732,-0.310371,-0.419165,-0.268651,-2.52844,-2.45057,-0.333415,-0.735949
1510483023,2.72652,-0.746631,-0.352387,-0.552831,-2.69763,-2.53935,-1.01069,-0.144558
1510483026,2.67984,-0.968773,-0.205421,-0.340369,-2.65567,-2.38563,-0.340624,0.341126
1510483029,2.71639,-0.771293,-0.451971,-0.36075,-2.47347,-2.48623,0.568179,-0.0039304
1510483032,2.75101,-0.497289,-0.51365,-0.462779,-2.59038,-2.59333,0.65464,-0.402905
1510483035,2.77499,-0.641464,-0.0514816,-0.0859751,-2.0638,-1.9491,0.305974,-0.103727
1510483038,3.24676,-0.243345,-0.557957,0.204864,-2.60053,-2.04211,-0.512183,0.394542
1510483041,2.94372,-0.790278,-0.74449,-0.161536,-2.45206,-1.88539,0.0253122,0.0145665
1510483044,3.19901,-0.220003,0.0060763,-0.055135,-2.28401,-2.16762,-0.42067,0.407336
1510483047,2.75668,-0.779466,-0.5072,-0.326315,-2.05211,-1.91528,0.431571,-0.112484
1510483051,2.88678,-0.421257,-0.31641,-0.363523,-2.31998,-2.02494,0.478159,-0.224884
1510483053,2.94227,-0.286226,0.176945,-0.485897,-2.26078,-2.0647,-0.14876,-0.293645
1510483056,2.74346,-0.482151,-0.563794,-0.253786,-2.42163,-2.08569,-0.671271,0.530077
1510483059,2.47149,-0.636166,-0.0112721,-0.439857,-2.17269,-2.16744,-0.872504,0.447978
1510483062,2.45832,-0.901472,0.00874286,-0.346952,-2.02706,-1.82313,-0.165573,0.203345
1510483065,2.5378,-0.560809,-0.183567,-0.548432,-2.18879,-2.25073,0.885538,-0.518116
1510483068,2.27625,-0.892038,-0.342999,-0.334913,-2.41985,-2.36812,-0.0637873,-0.373969
1510483071,2.33533,-0.931739,-0.194749,-0.365959,-1.92671,-1.87126,-0.247356,-0.316341
1510483074,2.3121,-0.526654,-0.511328,-0.463074,-2.16702,-1.88639,-0.280912,-0.345209
1510483077,2.53699,-0.284197,-0.232297,-0.490655,-2.15071,-1.3871,0.167973,-0.882578
1510483081,2.62768,-0.385293,-0.338842,-0.566412,-2.51679,-1.78706,0.305531,-0.912643
1510483083,2.17876,-1.17886,-0.452087,-0.628338,-2.26308,-1.13805,-0.132015,-0.962088
1510483086,1.64537,-1.95916,-0.713823,-0.859131,-2.04712,-0.858002,-0.536882,-0.69343
1510483089,1.11943,-2.04398,-0.614055,-0.763482,-2.30285,-1.26425,-0.482412,-0.267652
1510483092,0.941155,-2.10233,-0.638388,-0.549909,-2.3683,-1.19389,-0.376713,-1.04245
1510483095,0.997441,-2.17698,-0.565043,-0.724039,-2.37676,-0.944275,0.422612,-1.46524
1510483098,1.38678,-2.08523,-0.393096,-0.97235,-2.31001,-1.02798,0.863393,-1.64712
1510483101,1.20433,-2.02139,-0.373305,-0.821665,-2.18694,-0.859402,-0.128147,-1.03299
1510483104,1.20342,-1.91282,0.0430077,-0.502849,-2.00779,-0.763469,0.740396,-1.04043
1510483107,1.08423,-2.25734,0.197954,-0.585709,-1.86823,-0.754223,0.114635,-0.142779
1510483111,1.50929,-2.06616,-0.124191,-0.533925,-2.05788,-0.949312,0.0858333,0.243439
1510483113,1.44434,-2.00853,-0.234367,-0.575425,-1.8709,-0.682772,0.440177,-0.95699
1510483116,1.15431,-2.16163,0.0870377,-0.971765,-1.80114,-0.573764,1.54838,-1.52616
1510483119,1.26149,-2.29851,-0.270826,-0.646748,-1.88643,-0.673357,1.01244,-1.3286
1510483122,1.46445,-2.43036,0.0766961,-0.866256,-1.71217,-0.538025,0.510545,-0.291458
1510483125,1.4073,-2.29849,-0.179738,-0.765208,-1.92775,-0.86506,-0.03161,0.242719
1510483128,1.47292,-2.32782,-0.044007,-0.677024,-1.94775,-0.690208,0.0267318,0.167751
1510483131,1.44406,-2.37394,-0.260797,-0.686401,-1.89753,-0.816355,1.2598,-0.45038
1510483134,1.47121,-2.19824,-0.338849,0.0746084,-1.88723,-1.05344,1.06034,-0.000295018
1510483137,1.54469,-2.4043,-0.0340915,-0.369465,-1.77718,-0.855431,1.34895,-0.257503
1510483141,1.80192,-2.15962,-0.000279816,-0.571341,-1.71769,-0.978567,1.49238,-0.287152
1510483143,1.82919,-2.11382,-0.208016,-0.730871,-2.08492,-1.10868,1.3632,-0.335966
1510483146,1.97385,-1.67978,-0.0321129,-0.532135,-2.26152,-1.32951,0.988351,-0.0304155
1510483149,2.32188,-1.5904,-0.0281106,-0.545561,-2.414,-1.49353,0.626266,0.592466
1510483152,1.86529,-1.7893,0.0183786,-0.624113,-2.37725,-1.48319,0.253781,0.444918
1510483155,1.97454,-1.88917,-0.101028,-0.868138,-2.30979,-1.24021,0.762538,0.00438951
1510483158,1.83955,-2.16284,-0.479072,-0.851173,-2.2225,-1.06644,1.34886,-0.278831
1510483161,1.63393,-2.62349,-0.710746,-0.517715,-1.96505,-1.17136,1.21331,-0.599913
1510483164,1.64476,-2.53258,-0.160368,-0.397254,-2.00497,-0.903656,1.75897,-0.745412
1510483167,2.04269,-1.97349,-0.00312815,-0.649161,-2.18945,-1.21229,0.713006,-0.378506
1510483171,2.37627,-1.99401,0.0531274,-0.76724,-2.05023,-0.872993,0.146711,0.166146
1510483173,2.0327,-2.13508,-0.0334842,-0.5197,-1.89032,-1.00345,0.356094,0.553364
1510483176,2.09845,-2.28167,-0.262262,-0.300164,-1.95864,-1.09444,0.862286,-0.423846
1510483179,1.81609,-2.31692,-1.21002,-0.521324,-1.81105,-0.575912,1.41279,-1.08725
1510483182,1.99988,-2.22529,-0.551679,-0.704191,-1.80468,-0.642719,1.45688,-0.837329
1510483185,1.9663,-1.97135,-0.172091,-0.66469,-1.78474,-1.15899,0.747388,0.141609
1510483188,1.81374,-2.11584,-0.380036,-0.608292,-1.78952,-1.18295,0.1091,0.736266
1510483191,1.90553,-2.10494,-0.558843,-0.502214,-1.90414,-1.45323,1.34275,-0.519278
1510483194,1.9,-2.20469,-0.222258,-0.557137,-1.8907,-1.11871,1.65985,-0.813151
1510483197,1.70371,-2.21205,-0.28373,-0.553487,-2.09824,-1.19199,1.46243,-0.565752
1510483201,1.20795,-2.3404,-0.199931,-0.638425,-2.12186,-1.45527,1.1349,-0.0151236
1510483203,1.00254,-2.31632,-0.190408,-0.642457,-2.12811,-1.6113,0.0724327,0.174139
1510483206,0.892442,-2.06654,-0.548547,-0.513773,-1.91641,-1.66623,0.338459,-0.120453
1510483209,1.19465,-2.30896,0.0311131,-0.2706,-1.52459,-1.50887,0.677722,0.0548726
1510483212,1.28532,-1.94274,0.122243,-0.0145294,-1.53653,-1.54126,0.750542,-0.437857
1510483215,0.908554,-2.20694,0.319232,-0.138122,-0.90117,-0.484819,1.47171,-0.883384
1510483218,1.68551,-1.94261,0.307543,-0.0871782,-0.758944,-0.699046,1.75267,-1.18629
1510483221,1.41178,-1.88987,-0.0479253,-0.00281382,-0.887688,-0.92148,-0.36699,0.273494
1510483224,1.33148,-2.26131,0.893189,-0.432487,-1.13199,-0.614243,0.306044,-0.369186
1510483227,1.22014,-2.34072,0.680664,-0.575575,-1.1764,-0.637612,0.155681,0.189674
1510483231,2.03525,-2.11469,-0.200405,-0.495982,-1.38999,-0.870248,0.340807,-0.0354514
1510483233,1.56827,-2.18332,-0.264398,-0.624675,-2.03838,-1.25078,0.856613,-0.601705
1510483236,2.09007,-2.00932,-0.217512,-0.41691,-2.0198,-1.25954,1.49844,-0.54263
1510483239,2.40773,-1.96547,-0.0398842,-0.49464,-1.93794,-1.34142,0.957491,-0.479882
1510483242,2.48663,-2.02858,-0.275285,-0.030721,-1.98941,-1.40069,0.456879,-0.28043
1510483245,2.71816,-1.7795,0.368697,-0.249182,-2.70575,-1.60334,0.344725,0.284273
1510483248,2.65959,-2.16815,-0.061249,-0.317817,-2.39951,-1.10642,1.5169,-0.375907
1510483251,2.66087,-1.93282,-0.255698,-0.404144,-2.66095,-1.66018,1.11286,-0.363989
1510483254,2.75911,-1.78636,-0.445105,-0.765829,-2.83063,-1.67381,1.26427,-1.11072
1510483257,2.39188,-1.95606,-0.0406468,-0.355642,-2.74112,-1.67194,0.523537,-0.374543
1510483261,1.71908,-2.69605,-0.0845952,-0.481819,-1.91939,-0.526023,0.0632523,-0.123199
1510483263,1.97146,-2.23473,-0.0115132,0.019694,-2.34863,-1.33475,0.432972,-0.092347
1510483266,1.9835,-2.21142,-0.132274,-0.131844,-2.14676,-1.44009,0.788342,-0.618475
1510483269,1.97422,-2.07692,-0.155431,-0.300386,-2.15718,-1.67449,1.37711,-1.13335
1510483272,1.69444,-2.41499,-0.203264,-1.01314,-1.88401,-1.15878,1.55386,-0.65476
1510483275,1.99334,-2.51673,-0.369977,-0.782939,-2.02023,-1.28938,1.27338,-0.205491
1510483278,2.1117,-2.2739,-0.507595,-0.537156,-1.79684,-1.14878,0.585558,0.425722
1510483281,1.95822,-2.26645,-0.21031,-1.06499,-1.74488,-1.2918,1.84407,0.289007
1510483284,2.26679,-1.99407,-0.271514,-0.816124,-1.95433,-1.39107,1.1402,0.503225
1510483287,2.08288,-2.08967,0.0504458,-0.28835,-2.00559,-1.10393,1.68482,-0.206692
1510483291,2.20545,-2.03098,0.371318,-0.477321,-1.84492,-1.30503,1.53809,0.0612364
1510483293,2.36688,-1.78822,0.631766,0.0853624,-2.01462,-1.27793,0.193229,0.150513
1510483296,2.46362,-1.62652,0.520426,-0.220966,-1.95127,-1.18265,0.0299322,0.392409
1510483299,2.32937,-1.81937,0.695282,0.163741,-1.7319,-1.29592,0.122193,0.226844
1510483302,1.83699,-1.85752,0.574593,0.34937,-1.68279,-1.0409,1.03831,-0.825261
1510483305,2.08492,-1.7653,0.462297,0.201864,-1.98979,-1.44683,1.27499,-0.870138
1510483308,1.78053,-1.79414,0.366845,0.395742,-1.91714,-1.29082,0.620274,-0.37236
1510483311,1.69331,-1.65364,0.398982,-0.227494,-1.86523,-1.28047,-0.129662,0.128346
1510483314,1.6811,-1.71215,-0.246086,-0.845035,-1.82457,-1.46071,0.392706,0.789592
1510483317,1.35823,-2.11943,-0.142103,-0.794791,-2.01503,-1.58542,0.713567,0.283616
1510483321,1.41353,-1.99393,0.313993,-0.518186,-2.38902,-1.67158,0.977407,-0.162791
1510483323,1.18296,-1.98523,0.195787,-0.480808,-2.33782,-1.74527,1.54999,-0.164749
1510483326,1.64481,-1.94637,-0.00999956,-0.345154,-2.74906,-2.00966,1.16175,-0.0782932
1510483329,1.54436,-1.92407,0.0224704,-4.16509e-05,-2.21855,-1.63211,-0.217887,-0.279582
1510483332,1.76842,-1.86905,0.22308,-0.324366,-2.25498,-1.36858,0.163276,0.177969
1510483335,1.85988,-2.1542,0.172844,-0.535728,-2.21239,-1.20192,0.32807,0.0916947
1510483338,2.22325,-1.60215,0.244155,-0.0606898,-2.00622,-1.08748,-0.0939806,0.0374799
1510483341,2.40457,-1.71001,0.622962,-0.0292951,-2.04655,-1.37522,1.1378,-0.469389
1510483344,2.34469,-1.41943,0.429935,-0.0899207,-2.16557,-1.30938,0.575707,-0.613031
1510483347,2.32114,-1.82463,0.401208,-0.260199,-1.92363,-1.11363,0.7626,-1.08686
1510483351,2.27565,-1.81407,0.943632,-0.436908,-2.14719,-1.3154,0.722405,-0.419038
1510483353,2.26395,-1.91132,0.316795,-0.477244,-1.99213,-1.16819,0.603552,-1.26987
1510483356,2.02103,-2.08692,0.553071,-0.48619,-1.89855,-1.21071,0.260674,0.00746558
1510483359,2.36797,-1.85976,0.164441,-0.219832,-2.2189,-1.32612,-0.0726536,-0.0376291
1510483362,2.54019,-1.79325,0.412967,-0.401597,-1.66866,-1.06984,-0.0985576,0.829081
1510483365,2.41863,-1.66758,0.386023,-0.654821,-1.824,-1.40593,0.213047,0.641801
1510483368,2.68445,-1.51667,0.216324,-0.590715,-2.13406,-1.29737,-0.516877,0.70108
1510483371,2.57668,-1.73004,0.544167,-0.559711,-2.11491,-1.22825,0.758757,0.0424061
1510483374,2.57688,-1.65658,0.280089,-0.510487,-2.17939,-1.74006,0.477137,0.577713
1510483377,2.72316,-1.53574,0.391893,-0.522364,-2.00112,-1.57543,1.17024,-0.0904589
1510483381,2.52578,-1.95228,0.122349,-0.665908,-2.26763,-1.53082,1.33964,0.10665
1510483383,2.33165,-2.07095,-0.0686822,-0.724554,-2.01671,-1.52497,0.343,0.353485
1510483386,2.20035,-1.99376,0.0670243,-0.854702,-2.07731,-1.48469,-0.18931,0.837029
1510483389,2.45839,-1.8506,0.00815299,-1.05298,-2.25595,-1.78966,0.619764,0.774605
1510483392,2.51271,-1.79738,0.233998,-0.894242,-2.11167,-1.60088,1.62711,0.0891206
1510483395,2.30916,-1.94959,0.475601,-0.717222,-2.2695,-1.64677,1.38189,-0.252301
1510483398,2.18688,-2.03417,0.133581,-0.188539,-2.24834,-1.94807,0.595252,0.711555
1510483401,2.29024,-1.87108,0.356577,-0.334671,-2.21757,-1.57002,1.27721,-0.526446
1510483404,1.90306,-2.04883,0.383474,-0.414421,-2.21505,-1.58096,1.08838,-0.386296
1510483407,1.64346,-2.17954,0.367912,-0.508396,-2.09446,-1.41645,1.28504,-0.689797
1510483411,2.05928,-1.90732,0.422672,-0.707993,-2.22867,-1.64876,1.00601,-0.894984
1510483413,1.89163,-1.92285,0.265413,-0.510878,-2.13489,-1.41147,0.485676,-0.48832
1510483416,2.02162,-1.96908,0.11619,-0.568491,-2.20651,-1.72809,0.303616,-0.167261
1510483419,1.88366,-2.0909,0.214352,-0.721047,-1.99899,-1.28244,0.0191825,-0.362044
1510483422,1.71757,-2.07274,0.227665,-0.843331,-1.89381,-1.36828,0.306155,-0.356718
1510483425,1.80814,-2.03819,0.0662803,-0.941831,-2.02966,-1.32258,0.748345,-0.510648
1510483428,2.13716,-2.15809,-0.0680802,-1.82246,-2.31335,-1.72231,2.12709,0.247017
1510483431,2.05291,-2.43181,0.0679114,-1.47508,-2.03253,-1.32717,1.62217,0.978943
1510483434,2.11596,-2.77643,0.432082,-1.78319,-2.43706,-1.61128,1.84154,1.50502
1510483437,2.16182,-2.89353,0.484304,-2.1351,-2.30401,-1.60766,2.00259,1.64998
1510483441,2.33631,-2.91729,0.603747,-1.88363,-2.22266,-1.62283,2.74453,1.14159
1510483443,2.30953,-2.81739,0.186354,-1.90412,-2.25605,-1.22991,3.15997,0.888199
1510483446,1.96296,-3.01731,0.551758,-1.77828,-2.19845,-1.27728,2.24049,1.1625
1510483449,2.54681,-3.15812,0.467404,-1.55153,-2.34669,-1.34956,1.99879,1.78431
1510483452,2.15271,-3.14367,0.321499,-1.95767,-2.30789,-1.35845,2.45851,0.743304
1510483455,2.08651,-3.44274,0.295564,-1.99532,-2.27139,-1.64085,3.10743,0.322724
1510483458,1.96257,-3.44882,0.847845,-2.01863,-2.43887,-1.30307,2.42145,0.748645
1510483461,1.94781,-3.25297,1.17238,-1.96736,-2.85895,-1.7421,1.94481,1.61336
1510483464,2.27223,-3.32325,0.4498,-2.00057,-2.55843,-1.74079,2.1384,1.3358
1510483467,2.31612,-3.16205,0.359952,-1.91863,-2.36595,-1.46237,2.66951,0.599661
1510483471,2.49169,-3.16066,0.253825,-1.99111,-2.43487,-1.41408,3.27269,0.40377
1510483473,2.75915,-2.89654,-0.284232,-1.87439,-2.54396,-1.44231,2.98018,1.31565
1510483476,2.91695,-2.64284,0.567227,-1.80508,-2.31513,-1.16657,2.39734,0.900083
1510483479,2.88163,-2.56792,0.946121,-1.55331,-2.49765,-1.36793,2.02353,0.96108
1510483482,2.84943,-2.90126,0.364345,-1.65947,-2.28399,-1.25322,2.74111,0.331153
1510483485,2.55996,-2.86361,0.330307,-1.95265,-2.1621,-0.944481,3.27002,-0.437079
1510483488,2.86993,-2.81347,0.382287,-1.90969,-2.14313,-1.14809,3.0434,0.0652118
1510483491,2.76624,-2.89113,0.283628,-2.03052,-2.31547,-1.35713,2.45995,0.355874
1510483494,2.76073,-3.04858,0.627706,-1.86505,-2.19887,-1.15206,1.80052,0.5337
1510483497,2.36116,-3.00851,0.639238,-1.89437,-2.44607,-1.19176,2.81867,0.177474
1510483501,2.59517,-2.81763,0.62853,-1.9916,-2.32202,-1.13194,2.93819,0.518785
1510483503,2.81433,-2.87677,0.414154,-1.8664,-2.38673,-1.43183,3.24868,0.666046
1510483506,2.92995,-2.78749,0.487015,-1.90262,-2.48057,-1.63224,2.54887,0.807413
1510483509,2.52825,-2.90559,0.85151,-2.15977,-2.38344,-1.36075,2.44313,1.21288
1510483512,2.49375,-2.90181,0.600237,-1.5233,-2.65903,-1.31975,1.47727,1.82736
1510483515,2.716,-2.63974,0.83384,-1.21182,-2.53865,-1.41996,1.608,1.13617
1510483518,2.34466,-2.81156,0.835474,-0.98395,-2.47735,-1.55424,2.64212,0.901885
1510483521,2.39718,-2.65233,0.635918,-1.09955,-2.77729,-1.57975,2.53884,1.00276
1510483524,2.19413,-2.83002,0.0503105,-1.53385,-2.66985,-1.69424,3.09056,1.24079
1510483527,2.31724,-2.70243,-0.400935,-1.36952,-2.73635,-1.74725,1.95206,1.44479
1510483531,2.58335,-2.66498,-0.184578,-1.5747,-2.74223,-1.88351,2.20053,1.70394
1510483533,2.40662,-2.88896,-0.356411,-1.88642,-2.60935,-1.88312,2.01069,1.95088
1510483536,2.0464,-2.97786,-0.406147,-1.5713,-2.77556,-1.78322,2.13831,1.0908
1510483539,1.91846,-2.87041,-0.333912,-1.93294,-2.78263,-1.68824,3.00298,0.91096
1510483542,2.01496,-2.66101,-0.203899,-1.81731,-2.73653,-1.80821,3.39629,0.577324
1510483545,1.60208,-2.88404,0.00370311,-1.58657,-2.6629,-1.77699,3.06211,1.14554
1510483548,1.95329,-2.65347,-0.166741,-1.64678,-2.84371,-2.11452,2.54035,1.34802
1510483551,1.98502,-2.54727,-0.152445,-1.64186,-2.88549,-2.02863,1.64519,1.40143
1510483554,1.53471,-3.03191,-0.202526,-1.63141,-2.48114,-2.04777,1.58069,1.35405
1510483557,1.71185,-2.75651,-0.24876,-1.60145,-2.62061,-1.87557,1.89156,1.3126
1510483561,1.61132,-2.7504,-0.0471442,-1.81855,-2.19717,-1.73165,2.38006,1.41588
1510483563,1.66207,-2.66847,0.125231,-1.61686,-2.41191,-1.86573,3.16061,0.665482
1510483566,2.08882,-2.36941,-0.0251995,-1.7214,-2.53873,-1.83705,2.52638,0.348164
1510483569,1.73347,-2.79782,0.0491081,-1.71134,-2.50498,-1.93909,2.06458,1.0884
1510483572,1.7971,-2.78712,0.554104,-1.49665,-2.64059,-1.81685,1.73196,0.751053
1510483575,1.74617,-2.93141,0.523622,-1.59583,-2.66471,-2.02101,1.98306,0.392828
1510483578,1.71581,-2.99919,-0.0419771,-1.85704,-2.82162,-2.19492,3.07342,0.0341881
1510483581,1.63681,-3.08378,0.289298,-1.78146,-2.91311,-1.9349,2.13036,0.363718
1510483584,1.87499,-2.86938,0.66663,-1.51723,-2.8794,-1.74389,2.80262,-0.285604
1510483587,1.93595,-2.89437,0.342283,-1.55915,-2.63147,-1.61308,2.45763,0.256204
1510483591,2.01732,-3.00199,0.54726,-1.66205,-2.61255,-1.5243,2.00306,0.601393
1510483593,2.31766,-2.66276,0.218108,-1.67385,-2.53935,-1.50798,2.25888,0.766588
1510483596,2.28609,-2.78801,0.362923,-1.58593,-2.66836,-1.70553,2.83994,0.530949
1510483599,2.47271,-2.70559,0.10285,-1.56765,-2.44746,-1.47039,3.35532,0.0578904
1510483602,2.15478,-2.76576,0.712467,-1.06866,-2.41423,-1.59824,2.56345,0.139509
1510483605,2.16156,-2.71834,0.361865,-0.925249,-2.5816,-1.67646,1.7884,0.822287
1510483608,2.11266,-2.50424,0.84953,-0.521165,-2.55756,-1.64376,1.57992,0.735055
1510483611,2.20111,-2.37092,0.905784,-0.579165,-2.58496,-1.78331,2.40983,0.359589
1510483614,2.23946,-2.22591,0.495264,-0.711076,-2.36233,-1.83632,3.08638,0.569406
1510483617,2.0527,-2.42597,-0.14164,-0.9754,-2.22261,-1.94939,2.93234,1.58065
1510483621,1.99016,-2.40388,-0.126588,-1.27126,-2.28988,-1.99965,2.16401,2.00491
1510483623,1.95744,-2.49902,-0.260663,-1.43931,-2.27094,-1.81751,3.0222,1.14208
1510483626,2.28328,-2.33102,0.20793,-1.1119,-2.32205,-1.77977,3.71806,0.600908
1510483629,2.0035,-2.37918,0.27419,-1.42253,-2.19855,-1.94917,2.67014,1.29414
1510483632,1.77201,-2.55393,-0.282756,-1.35321,-2.2169,-1.85496,1.78049,1.58917
1510483635,1.89543,-2.46742,-0.25642,-1.70205,-2.4719,-1.89907,2.57666,1.37601
1510483638,1.73247,-2.46407,-0.388116,-1.41023,-2.50572,-1.90028,3.20833,0.199865
1510483641,2.09827,-2.50803,-0.198351,-1.32567,-2.39928,-1.97388,1.80737,1.58347
1510483644,2.03226,-2.38139,0.0558177,-1.33778,-2.45318,-1.78963,1.92606,1.3646
1510483647,1.77139,-2.60711,-0.204397,-1.54726,-2.56097,-1.90027,2.34842,0.822302
1510483651,1.56606,-2.50077,-0.257129,-1.44018,-2.2863,-1.85977,3.09236,0.202122
1510483653,1.71246,-2.61237,-0.22585,-1.33857,-2.24995,-1.89594,2.5516,0.588652
1510483656,1.44702,-2.65173,-0.0945174,-1.55998,-2.39776,-1.90729,1.53531,1.07918
1510483659,1.69066,-2.23987,-0.450569,-1.50612,-2.5678,-2.10791,2.69051,0.418779
1510483662,1.71259,-2.29633,-0.51567,-1.57703,-2.71246,-2.14195,3.13144,0.248257
1510483665,1.16241,-2.7941,-0.201241,-1.69289,-2.50195,-1.89801,2.48551,1.14226
1510483668,1.66527,-2.39201,-0.300982,-1.73479,-2.56145,-2.28986,2.28714,1.46133
1510483671,1.69651,-2.5798,0.0638581,-1.68035,-2.75846,-2.06165,3.59549,0.197503
1510483674,1.37549,-2.60454,-0.107509,-1.56841,-2.65039,-1.94195,3.52693,0.245509
1510483677,1.19447,-2.54025,-0.253846,-1.40353,-2.87215,-2.27302,2.42431,0.834877
1510483681,0.985409,-2.65772,-0.217,-1.56453,-2.89854,-2.1031,2.02474,1.30501
1510483683,0.947381,-2.72265,-0.391452,-1.54845,-2.79901,-2.21022,3.48309,1.18071
1510483686,1.2503,-2.79499,-0.0563796,-1.54977,-2.68561,-1.9978,3.0265,1.09155
1510483689,1.34937,-2.54986,0.219343,-1.48488,-2.74345,-2.02682,1.94543,1.47959
1510483692,1.69283,-2.35149,0.800637,-1.4797,-2.67549,-2.1582,3.06849,1.28789
1510483695,1.88679,-2.16924,0.376934,-1.46363,-2.42678,-2.10536,3.45824,0.799708
1510483698,1.62238,-1.74835,0.192389,-1.08078,-2.42104,-1.98821,2.20083,1.02031
1510483701,1.31677,-1.94858,0.953351,-0.924644,-2.32715,-1.87022,2.56894,0.530731
1510483704,1.4934,-1.87967,0.759703,-1.13121,-2.51605,-2.19637,2.87095,-0.124206
1510483707,1.33301,-1.913,0.0813796,-1.26324,-2.46967,-2.18875,3.17866,0.135735
1510483711,1.50374,-1.8884,0.370354,-1.6591,-2.23724,-1.65952,2.75142,0.660335
1510483713,1.17872,-1.98938,0.161933,-1.18804,-2.18916,-1.8565,2.21008,0.785948
1510483716,1.33484,-1.90078,0.291129,-1.4927,-2.059,-1.63461,3.41572,0.441027
1510483719,1.20494,-2.03796,0.14026,-1.61803,-1.91675,-1.63522,3.65189,0.139541
1510483722,1.75601,-1.85028,-0.00803293,-1.61192,-2.0906,-2.18461,2.32707,1.05127
1510483725,2.06238,-1.61166,-0.156969,-1.47701,-2.3052,-2.14385,2.95476,0.826983
1510483728,1.98765,-1.75387,0.0401851,-1.77768,-2.18185,-2.20304,3.66369,0.17289
1510483731,1.72129,-1.8188,0.0469972,-1.62884,-2.20752,-1.81973,1.86595,0.804185
1510483734,1.48524,-2.05348,0.150065,-1.57846,-1.91204,-1.92799,2.62898,1.09333
1510483737,1.38968,-2.27173,0.0124678,-1.6066,-2.02715,-1.86022,3.41738,-0.0112462
1510483741,1.55798,-2.06233,0.127395,-1.69858,-2.28195,-2.14741,3.48349,-0.36999
1510483743,1.86154,-2.04006,-0.0298472,-1.74379,-2.19397,-1.94494,2.10544,0.0784619
1510483746,1.61579,-2.21416,-0.284615,-1.74496,-2.05606,-1.96983,2.21369,0.44968
1510483749,1.41802,-2.34888,0.0684746,-1.78782,-1.82217,-1.97992,3.59707,-0.0179375
1510483752,1.52658,-2.38918,-0.0471753,-1.82646,-1.87033,-1.73029,2.27605,0.677561
1510483755,1.27799,-2.4001,0.265221,-1.56554,-1.95296,-1.8465,2.26159,0.648263
1510483758,1.54298,-1.9544,0.120843,-1.43861,-2.14966,-1.89869,3.48435,0.0680009
1510483761,1.5738,-1.78232,0.269282,-1.4799,-2.23759,-2.26082,2.33051,1.42105
1510483764,1.04276,-2.14544,0.0133958,-1.51491,-2.09932,-2.33973,1.95916,1.1357
1510483767,1.09731,-2.23343,0.0205377,-1.45595,-2.16243,-2.36032,3.48781,0.666087
1510483771,0.930343,-2.22542,-0.312799,-1.38155,-2.17,-1.94583,3.61338,0.810336
1510483773,0.590988,-2.16808,-0.0251147,-1.13873,-2.39802,-2.33636,2.18905,1.52254
1510483776,0.899484,-2.04409,-0.0289634,-1.00876,-2.42851,-2.34307,3.12581,1.0028
1510483779,1.1801,-2.17726,-0.249515,-1.22499,-2.32567,-2.2711,3.25992,0.67943
1510483782,0.820485,-2.24526,-0.490732,-1.34928,-2.14742,-2.3155,2.40109,1.32757
1510483785,1.00014,-1.91619,-0.20684,-1.21554,-2.10289,-2.32164,2.01669,1.77064
1510483788,1.09303,-1.82745,-0.00774464,-1.14517,-2.09798,-2.06555,2.9621,0.771962
1510483791,0.941031,-1.45767,0.66979,-1.01289,-2.06436,-1.87844,1.38018,0.989264
1510483794,0.631986,-1.80435,1.11631,-0.911367,-1.76472,-1.52405,1.72712,0.804674
1510483797,0.632166,-1.85285,1.37957,-0.953528,-2.1515,-2.16054,2.62765,0.615942
1510483801,0.607523,-1.77169,0.920564,-1.30177,-1.81918,-2.00212,3.85847,0.759328
1510483803,0.586158,-1.82884,0.504848,-1.37875,-1.85901,-2.30119,2.3781,1.44122
1510483806,0.623325,-2.14935,1.22792,-1.59788,-1.72744,-2.29058,2.19513,1.43237
1510483809,0.753178,-1.77068,0.697836,-1.64069,-1.7698,-2.1336,3.87081,0.467474
1510483812,0.583271,-1.85005,1.10787,-1.5374,-2.01209,-2.2267,2.24138,1.19871
1510483815,0.843632,-1.90802,1.14079,-1.34623,-1.742,-2.15779,2.71151,0.631397
1510483818,0.865092,-1.92501,0.926145,-1.3484,-1.73677,-2.10012,3.48221,0.501039
1510483821,1.10635,-1.96619,0.766311,-1.36443,-1.79194,-2.13067,1.78232,0.932365
1510483824,1.46651,-1.82426,0.878629,-1.4174,-1.84983,-2.18148,2.71058,1.06882
1510483827,1.18359,-1.73189,0.709177,-1.30008,-2.03996,-2.3621,3.54763,0.264361
1510483831,1.35669,-1.86092,0.290699,-1.39487,-1.93445,-1.99248,2.97673,0.269111
1510483833,1.30726,-1.99372,0.585733,-1.3582,-1.74316,-2.11206,2.36865,1.03866
1510483836,1.35654,-1.83273,0.724246,-1.46288,-2.04431,-2.15073,3.42788,0.215277
1510483839,1.17097,-2.09804,0.98857,-1.67413,-1.92242,-2.21385,3.24415,0.498122
1510483842,1.236,-1.84381,0.354527,-1.3912,-1.94591,-2.42844,1.71373,1.09742
1510483845,1.56869,-2.01099,0.241453,-1.32777,-1.99532,-2.21492,3.15092,-0.134621
1510483849,1.48051,-1.92586,0.554743,-1.53881,-1.9876,-2.13756,3.30689,-0.0897516
1510483851,1.2666,-1.94973,0.695718,-1.69242,-1.92974,-2.27417,2.33294,0.773763
1510483854,0.820731,-2.1242,0.44048,-1.41361,-1.72819,-2.1917,2.42736,0.061009
1510483857,1.28211,-1.82916,0.363314,-1.60251,-1.87696,-1.85158,3.40934,-0.117615
1510483861,1.3642,-1.7434,0.359679,-1.48182,-1.76787,-2.0814,2.14876,0.602238
1510483864,1.24814,-1.86351,0.795493,-1.29892,-1.87631,-2.50712,2.74567,0.692651
1510483867,1.1221,-1.73985,0.273271,-1.50286,-1.91503,-1.94212,3.66225,-0.186413
1510483870,1.26204,-1.62819,0.324371,-1.5527,-1.69265,-1.98933,2.32288,0.847575
1510483873,1.45248,-1.51432,0.520588,-1.39511,-1.68963,-2.33809,2.32406,0.934678
1510483876,0.978091,-1.77796,0.717849,-1.44134,-2.00938,-2.0525,3.51375,-0.0847653
1510483879,0.96256,-1.85986,0.735262,-1.3815,-1.68974,-1.79263,2.55686,0.65562
1510483881,0.669289,-1.90072,0.995849,-1.27712,-1.90149,-1.96661,3.53751,-0.155211
1510483885,0.522509,-1.50634,1.5575,-0.982233,-1.90584,-2.15554,2.89942,-1.11109
1510483888,0.150263,-1.5063,1.94254,-0.973236,-1.87471,-1.75635,1.86309,-0.196494
1510483891,0.476476,-1.56054,1.88069,-1.28378,-1.98106,-2.02053,1.99794,-0.41115
1510483894,0.212983,-1.50215,2.39808,-0.268401,-1.97217,-1.89376,2.09309,-1.53312
1510483897,0.166699,-1.6802,2.62436,-0.236277,-1.88574,-1.81306,0.225099,-1.11498
1510483900,0.108755,-1.74117,2.54328,-0.0606579,-1.99321,-1.44937,1.22922,-1.4103
1510483903,0.256529,-1.57555,2.73081,-0.113343,-2.18353,-1.88447,2.28934,-1.90208
1510483906,0.613286,-1.12152,3.015,0.000323835,-2.23604,-2.107,0.988104,-1.67297
1510483909,0.523985,-1.18238,3.00425,-0.169107,-2.55818,-2.20516,0.401764,-1.08912
1510483911,0.260073,-1.69205,2.70908,-0.0120751,-2.42087,-1.95257,1.87979,-2.1269
1510483915,0.248775,-1.56327,3.02513,0.211009,-1.96323,-1.60312,1.40097,-1.91089
1510483918,0.494732,-1.42937,3.2338,-0.0575968,-2.17839,-1.5538,0.528757,-1.52487
1510483921,0.627115,-1.57573,3.01743,-0.291733,-2.46416,-1.91259,0.754936,-1.91173
1510483924,0.752398,-1.50527,3.56359,-0.0954113,-2.19122,-1.80021,1.85533,-2.35827
1510483927,0.614208,-1.53456,2.82309,-0.0182479,-2.34103,-1.83163,0.965364,-1.25105
1510483930,0.837473,-1.27418,3.32072,0.149923,-2.23142,-1.94797,0.730274,-0.896623
1510483933,0.586492,-1.59724,3.32115,-0.123496,-2.53264,-2.14734,2.02379,-1.19096
1510483936,0.748814,-1.3836,3.40401,-0.105498,-2.24859,-1.96232,1.52187,-0.757106
1510483939,0.869791,-1.37684,2.72637,-0.082711,-2.12127,-1.98013,0.50792,-0.102891
1510483941,0.934674,-1.19158,3.42902,0.274834,-2.06261,-2.13307,1.83818,-1.15517
1510483945,0.741695,-1.2043,3.53948,-0.0628496,-2.01302,-1.98446,1.79892,-1.34503
1510483948,0.773572,-1.58486,3.60553,-0.208826,-2.18136,-2.21674,0.782566,-0.374528
1510483951,0.875297,-1.47422,3.05236,-0.234684,-2.34611,-2.29596,0.569468,-0.255754
1510483954,1.01283,-1.44693,2.82933,-0.196321,-2.46695,-2.45355,1.93777,-0.851718
1510483957,1.02617,-1.47983,2.68184,-0.204469,-2.47046,-2.35672,1.58838,-0.850362
1510483960,0.927367,-1.60433,3.03493,-0.265203,-2.48791,-2.30623,0.576901,0.230403
1510483963,0.751846,-1.71875,2.73262,-0.338033,-2.52017,-2.26221,1.63451,-0.634183
1510483966,0.934091,-1.5419,2.8473,-0.474737,-2.54559,-2.38295,2.00243,-1.25766
1510483969,0.980343,-1.43135,2.76696,-0.327925,-2.49812,-2.0586,0.518893,-0.195918
1510483971,0.979854,-1.32451,3.21896,-0.174111,-2.27732,-2.13196,1.84618,-1.06713
1510483975,1.25439,-1.22128,2.79581,-0.186011,-2.32237,-2.08148,1.93801,-1.13994
1510483978,1.40192,-1.45459,1.91933,-0.611221,-2.21294,-1.84613,2.08571,-0.837027
1510483981,1.42553,-1.44944,2.14281,-0.78555,-2.40403,-2.04656,1.41276,-0.312318
1510483984,1.54111,-1.64075,2.28373,-0.495096,-2.39508,-2.12046,0.939939,-0.215616
1510483987,1.27935,-1.5374,2.60281,-0.176731,-2.60003,-2.18447,1.16895,-0.897989
1510483990,1.18051,-1.51543,2.9591,-0.0524292,-2.37205,-2.02747,1.93801,-1.47039
1510483993,0.804414,-1.64059,2.98502,-0.232419,-2.37392,-2.09499,1.08757,-1.19674
1510483996,0.546588,-2.19464,1.92046,-0.271531,-2.67006,-1.26775,0.938107,0.208775
1510483999,0.820522,-2.00348,2.17955,-0.410474,-3.47859,-1.67433,1.39676,-1.17433
1510484001,0.726507,-1.85749,2.67898,-0.269793,-3.02416,-1.8911,0.840571,-0.632072
1510484005,0.542174,-1.73433,2.64912,-0.363464,-2.80999,-1.80893,1.23495,-0.382643
1510484008,0.314437,-2.00329,2.38483,-0.134395,-2.70775,-1.67,0.861332,0.12461
1510484011,0.58027,-1.83498,2.59164,-0.107743,-2.82767,-2.02432,1.68099,-0.875404
1510484014,0.535005,-1.88439,2.07072,-0.1853,-2.67494,-2.22685,1.96234,-1.05165
1510484017,0.419256,-2.07116,2.61248,0.013345,-3.07718,-2.25586,0.856313,-0.775359
1510484020,0.671812,-2.03929,2.55406,-0.00441557,-2.82922,-2.33419,1.09336,-0.787017
1510484023,0.111003,-2.04368,2.73066,0.00904113,-2.77665,-2.43652,2.0499,-1.00346
1510484026,0.214601,-2.17696,2.47868,0.379747,-2.61268,-2.23293,1.96687,-1.14848
1510484029,0.173711,-2.0863,3.49739,0.339336,-2.44604,-1.9402,0.832014,-0.773525
1510484031,0.341232,-2.00534,2.83844,0.203301,-2.63038,-2.3505,1.84866,-1.29181
1510484035,0.523386,-2.06567,3.55324,-0.0320011,-2.74308,-2.35945,1.84127,-1.52926
1510484038,0.574786,-1.92932,2.80561,-0.0386233,-2.54028,-2.23879,1.85387,-1.24282
1510484041,0.789187,-1.89416,3.07377,0.0456624,-2.60114,-1.7735,0.738598,-1.08374
1510484044,0.792862,-2.34297,2.81743,0.103668,-2.56711,-2.13832,1.11867,-0.979226
1510484047,0.617384,-1.87701,2.97891,0.0644022,-2.7038,-2.02379,1.68601,-2.15584
1510484050,0.289016,-2.1536,2.73884,0.258421,-2.70867,-2.00105,1.69062,-1.93947
1510484053,0.18379,-2.08984,2.87518,0.120304,-2.73266,-2.01188,1.25096,-0.999459
1510484056,0.15122,-2.66539,2.82662,-0.072273,-2.96374,-2.16241,0.762329,-0.948176
1510484059,0.44847,-2.4711,2.69387,0.018643,-3.0067,-2.12869,1.51941,-1.47803
1510484061,0.246564,-2.37197,2.68443,0.245098,-3.01496,-2.29797,1.56638,-1.20675
1510484065,0.528735,-2.19518,2.66893,0.0759406,-2.97137,-2.37448,1.68697,-1.17088
1510484068,0.679657,-2.30487,2.63579,-0.325179,-2.8848,-2.25487,0.833814,-0.405405
1510484071,1.00185,-2.45355,2.49784,-0.512783,-2.59156,-2.18124,0.42204,0.469395
1510484074,1.21224,-2.41363,2.62275,-0.494178,-2.63118,-1.9107,1.61094,-0.158827
1510484077,1.36941,-2.21949,2.53994,-0.105601,-2.67793,-1.9538,2.03058,-0.460547
1510484080,1.53643,-2.25329,2.97196,0.211957,-2.75551,-1.82613,2.15612,-0.69285
1510484083,1.56222,-2.26771,2.72727,-0.0262044,-3.014,-1.91427,1.58934,-0.188221
1510484086,1.16373,-2.25765,2.87655,0.0831657,-2.81751,-1.73767,1.10791,0.256597
1510484089,0.855314,-2.56114,2.89144,0.347973,-2.86844,-1.86144,1.80465,-0.578632
1510484091,0.444163,-2.73207,2.651,0.126012,-2.90152,-1.66011,2.06595,-0.473425
1510484095,0.411969,-2.78436,2.91746,0.21663,-2.93535,-1.90766,1.78547,-0.80417
1510484098,0.501606,-2.70081,3.17911,0.149885,-2.9225,-1.68015,1.06985,-0.29369
1510484101,0.389815,-2.57966,2.8937,-0.0902953,-2.86721,-1.84306,0.906423,0.274214
1510484104,0.476021,-2.70245,2.88371,0.134666,-2.95012,-1.79937,2.0117,-0.630079
1510484107,0.555917,-2.4676,2.93288,0.266567,-2.78353,-1.697,2.2696,-0.766246
1510484110,0.556489,-2.66581,2.63148,-0.0455478,-3.07363,-2.08307,1.41944,-0.66442
1510484113,0.376729,-2.4761,3.02309,-0.183895,-2.92539,-1.61688,0.952474,-0.366311
1510484116,0.307578,-2.47125,2.93492,-0.155937,-3.09229,-1.77409,1.14524,-0.415554
1510484119,0.427871,-2.57422,2.69119,-0.0974988,-3.20884,-1.86836,2.13795,-1.2558
1510484121,0.228877,-2.46604,2.77989,-0.11976,-3.16008,-2.1246,1.6597,-0.678292
1510484125,0.593956,-2.59576,2.78592,-0.120681,-3.30071,-2.3245,1.72719,-1.23561
1510484128,0.543946,-2.82416,2.98536,0.161973,-3.29611,-2.16457,1.31125,-0.795778
1510484131,0.322243,-2.81897,2.89239,0.119306,-3.25859,-1.75788,1.64736,-1.07004
1510484134,0.621736,-2.80207,2.38972,0.399833,-3.09363,-1.84982,2.42106,-1.89176
1510484137,0.621207,-2.58327,2.82424,0.0673174,-3.20221,-1.83646,1.6358,-1.7893
1510484140,0.566515,-2.78866,2.89061,-0.19174,-3.1759,-1.75683,0.8138,-0.704692
1510484143,0.688903,-2.7085,3.11819,0.0499561,-3.12462,-2.03938,1.15072,-0.10356
1510484146,0.953876,-2.70179,3.30783,0.118851,-3.24969,-2.15076,2.09618,-0.941382
1510484149,0.871473,-2.69199,2.93567,0.0182775,-3.29394,-2.24521,2.32289,-1.16151
1510484151,0.717452,-2.87728,2.98692,0.0667907,-3.09652,-2.16716,1.04087,-0.750253
1510484155,0.501491,-2.96597,3.15425,0.0484049,-3.35431,-2.08791,1.01829,-0.890542
1510484158,0.780682,-2.78125,2.79435,-0.266041,-3.44961,-2.251,0.890137,-0.534795
1510484161,0.793557,-3.10816,2.60963,-0.514885,-3.43854,-2.31219,1.78148,-0.09076
1510484164,1.34611,-3.12307,1.94891,-0.496669,-3.58515,-2.48527,2.67282,-0.185689
1510484167,1.30233,-3.0125,1.97444,-0.560173,-3.65458,-2.57921,2.44692,-0.11694
1510484170,1.28134,-2.81727,2.58291,-0.222337,-3.64385,-2.28717,1.55673,0.0490887
1510484173,1.42644,-2.91503,3.30248,-0.0320014,-3.67788,-2.13789,0.60821,-0.201297
1510484176,1.32097,-2.99973,2.80842,-0.252415,-3.48011,-1.83619,1.90693,-0.757123
1510484179,1.46643,-2.81265,2.96128,-0.174346,-3.85683,-2.15495,2.58074,-0.940466
1510484181,1.50319,-2.75022,3.04081,-0.201989,-3.29187,-1.68124,1.20797,-0.0283123
1510484185,1.61939,-2.5304,3.04292,0.233551,-3.39408,-1.86749,1.17579,0.2055
1510484188,1.67198,-2.61077,3.45743,0.00441622,-3.33782,-1.8245,1.84423,-0.18486
1510484191,1.34251,-2.68092,3.43454,-0.248596,-3.30095,-1.81986,2.45582,-0.770796
1510484194,1.36023,-2.67507,3.27024,0.00985603,-3.37452,-1.75799,2.61235,-0.908314
1510484197,1.02014,-3.06826,3.18644,-0.250816,-3.36083,-1.9751,1.52069,-0.0809104
1510484200,1.35959,-2.80742,3.19379,-0.250847,-3.39714,-1.83788,1.07044,-0.14885
1510484203,1.09594,-3.0076,2.93923,-0.513664,-3.23448,-1.73576,1.39609,-0.352736
1510484206,1.14975,-2.87825,3.11938,-0.176946,-3.30668,-1.97235,2.37963,-1.04616
1510484209,1.00944,-2.98561,2.5248,-0.529374,-3.36718,-1.88489,2.22945,-1.0777
1510484211,1.20683,-2.7511,2.80989,-0.343233,-3.48344,-1.8437,1.10299,-0.21815
1510484215,1.16167,-2.85021,2.64204,-0.160372,-3.50027,-2.04813,0.926762,-0.31935
1510484218,1.04365,-2.79916,2.62569,0.077629,-3.28483,-1.50609,1.08897,-0.58122
1510484221,0.707877,-2.80926,2.7664,-0.0986801,-3.14985,-1.79781,1.77867,-1.17927
1510484224,0.766864,-2.74443,3.1394,0.193933,-3.01833,-1.7437,2.75596,-1.47644
1510484227,0.6002,-2.69994,3.03858,0.295112,-3.25629,-2.14189,2.47927,-1.08925
1510484230,0.581509,-2.71575,2.82835,-0.121665,-3.63027,-2.22105,2.10873,-0.784462
1510484233,0.375411,-3.19608,3.09224,0.0839779,-3.4083,-2.26988,1.53769,0.0915498
1510484236,0.503133,-3.02009,3.48428,0.39674,-3.56844,-2.31886,1.67474,-0.477118
1510484239,0.564792,-2.81216,3.2542,0.142884,-3.63423,-2.16523,2.41059,-1.20166
1510484241,0.645836,-2.94178,3.5362,0.359699,-3.4397,-1.92835,2.19052,-1.00655
1510484245,0.774202,-2.79955,3.43192,0.110939,-3.63297,-2.29245,2.40608,-1.07183
1510484248,0.742189,-2.84544,3.38707,0.199223,-3.4262,-2.09799,1.74704,-0.572214
1510484251,1.23492,-3.27735,3.06344,-0.206002,-3.31672,-2.19105,1.59651,-0.390824
1510484254,1.46261,-2.96732,3.01719,-0.335712,-3.20968,-1.97543,2.78853,-0.656501
1510484257,1.70072,-3.02221,2.6318,-0.173475,-3.48003,-1.92233,3.65192,-1.02393
1510484260,1.32121,-3.3068,2.98888,-0.600984,-3.59931,-2.49156,3.09883,-0.78227
1510484263,1.19421,-3.45037,2.88038,-0.137037,-3.64129,-2.16117,2.1256,-0.936599
1510484266,1.51324,-3.28545,2.62548,-0.151367,-3.69193,-2.09891,1.8845,-0.782868
1510484269,1.32925,-3.38336,3.07065,-0.233554,-3.37999,-2.20434,1.64692,-0.986154
1510484271,1.48402,-3.31039,2.513,-0.309434,-3.87299,-2.28916,2.99599,-1.66208
1510484275,1.53416,-3.25501,3.11264,-0.0189304,-3.34958,-1.9539,2.86518,-1.35287
1510484278,1.34227,-3.26148,3.55635,-0.0345961,-3.42633,-1.98903,2.93449,-1.34147
1510484281,1.43634,-3.14871,3.34363,-0.079447,-3.2261,-1.55677,3.27925,-1.76032
1510484284,1.6152,-3.00822,3.29061,-0.199208,-3.24657,-1.67793,2.3953,-1.0769
1510484287,1.37816,-3.31505,3.23776,0.0199746,-3.19916,-1.51875,1.97062,-0.758285
1510484290,1.83954,-3.15404,2.98098,0.210132,-3.50188,-1.62166,2.05023,-1.2114
1510484293,1.61624,-3.07468,2.96474,-0.183854,-3.56727,-1.72379,2.88621,-1.35233
1510484296,1.42166,-3.44156,3.3715,-0.178244,-3.54068,-1.81063,3.11067,-1.76816
1510484299,1.25367,-3.48278,3.02533,-0.368936,-3.43453,-1.48777,2.83294,-1.38137
1510484301,1.69634,-3.22377,3.03618,-0.151406,-3.62911,-1.62829,2.20151,-0.791187
1510484305,1.26543,-3.63128,3.2872,-0.0932498,-3.49437,-1.68441,2.14055,-0.503121
1510484308,1.61436,-3.24455,3.29626,0.0667588,-3.66058,-1.53133,2.60294,-0.84789
1510484311,1.41668,-3.36207,3.20739,-0.0222939,-3.428,-1.50691,3.19699,-1.19017
1510484314,1.26127,-3.29141,2.97294,-0.0691341,-3.34567,-1.57329,2.87122,-1.36253
1510484317,1.19217,-3.33273,2.95488,-0.124107,-3.17454,-1.33663,2.0644,-0.723808
1510484320,1.18297,-3.29432,2.95593,0.189853,-3.5209,-1.72502,1.65516,-0.424166
1510484323,0.897675,-3.35641,3.021,0.127868,-3.47869,-1.93925,2.43643,-0.427984
1510484326,0.967508,-3.44575,3.16299,-0.295849,-3.50192,-2.03831,3.20107,-1.39894
1510484329,0.964976,-3.31124,2.91208,-0.189312,-3.49967,-1.93322,2.82594,-0.539257
1510484331,0.855618,-3.1678,2.48904,-0.162347,-3.31524,-1.83911,2.29385,-0.49286
1510484335,0.724213,-3.16978,3.17182,0.255605,-3.24126,-1.72233,1.86485,-0.639017
1510484338,0.588115,-3.39707,2.70329,0.00939859,-3.56016,-1.87377,3.05702,-1.40009
1510484341,0.909033,-3.11238,3.03752,0.0285998,-3.95046,-2.55654,3.24964,-1.30233
1510484344,0.998204,-3.22162,3.31044,0.231719,-3.58198,-2.34762,2.40097,0.0260263
1510484347,0.892613,-2.88383,2.72475,0.0611907,-3.38049,-2.54088,2.33063,0.0051152
1510484350,0.814526,-3.37939,2.69127,-0.26117,-3.45436,-2.70085,3.18549,0.159525
1510484353,0.906689,-3.12501,2.81096,-0.327837,-3.30165,-2.3754,3.32779,-0.0748881
1510484356,1.16286,-2.81581,2.53083,-0.455448,-3.0896,-2.23072,3.0959,-0.433214
1510484359,1.3059,-2.67196,2.52805,-0.232574,-3.28114,-2.06276,2.56781,0.292662
1510484361,0.828042,-2.46535,2.77795,-0.410116,-3.19947,-2.39219,2.80138,0.345603
1510484365,1.40854,-2.35847,2.4726,-0.444711,-3.21611,-2.35756,3.0476,-0.287214
1510484368,0.953555,-2.54424,2.06571,-0.435916,-3.33976,-2.18024,3.30593,-0.754819
1510484371,1.3063,-2.78481,2.14674,-0.638538,-3.18388,-1.99774,3.01257,-0.974483
1510484374,1.17416,-2.95654,2.15537,-0.173955,-3.05347,-1.87828,2.17651,-0.00433652
1510484377,1.07984,-3.0353,2.12197,-0.366534,-3.64028,-2.32981,1.9241,-0.283403
1510484380,1.52715,-2.71668,1.75293,-0.68082,-3.19151,-2.15425,3.048,-0.695151
1510484383,1.33008,-2.75681,2.08814,-0.769049,-3.1778,-2.0379,3.58971,-1.06435
1510484386,1.08389,-2.95213,2.02821,-0.559141,-3.12659,-1.92932,2.96497,-0.741268
1510484389,1.05384,-3.02958,2.07225,-0.580042,-3.17766,-2.09095,2.28213,-0.135489
1510484391,1.16345,-2.89398,2.43774,-0.608837,-2.97697,-1.88604,3.17957,-0.952642
1510484395,1.11879,-2.84416,2.18943,-0.785928,-3.10952,-2.1596,2.3036,-0.661749
1510484398,0.993176,-2.97971,1.84134,-0.479442,-3.20022,-1.81779,2.94171,-1.19363
1510484401,0.851833,-3.17765,1.58981,-0.450868,-3.2527,-1.95087,3.26287,-1.24258
1510484401,0.851833,-3.17765,1.58981,-0.450868,-3.2527,-1.95087,3.26287,-1.24258
1510484404,1.16822,-2.92509,2.09404,-0.603373,-3.4522,-1.86741,2.7568,-1.20521
1510484404,1.16822,-2.92509,2.09404,-0.603373,-3.4522,-1.86741,2.7568,-1.20521
1510484407,1.1641,-2.90077,2.01747,-0.729827,-3.2766,-2.09077,2.25458,-0.45381
1510484410,1.241,-2.78715,1.69181,-0.669543,-3.4871,-2.08599,1.9753,-0.214047
1510484413,1.55363,-2.52477,1.80974,-0.788847,-3.57872,-2.3683,2.02022,-0.0264257
1510484416,1.47139,-2.96371,1.88034,-0.650924,-3.39608,-2.60579,2.80925,0.234839
1510484419,1.38077,-2.8161,2.21431,-0.780875,-3.52099,-2.35666,3.13398,-0.431585
1510484421,1.21474,-2.83038,2.00547,-0.957298,-3.13504,-2.00631,1.76903,0.42232
1510484425,1.38045,-2.55451,1.7942,-0.853706,-3.49418,-2.42944,1.57007,0.474919
1510484428,1.06256,-2.8067,1.92682,-0.687344,-3.0951,-2.45663,1.90958,0.679063
1510484431,0.972191,-2.93773,1.96345,-0.658489,-3.1856,-2.28084,2.42583,0.140209
1510484434,0.972039,-3.02092,1.84235,-0.808199,-3.20891,-2.27426,3.06977,-0.501265
1510484437,0.994944,-2.81704,1.5834,-0.831059,-3.33511,-2.09622,3.3496,-0.467233
1510484440,0.867255,-2.8024,1.73141,-0.640051,-3.42951,-2.62233,2.56295,0.201109
1510484443,0.730123,-2.81177,1.8409,-0.499207,-3.37746,-2.63524,2.07556,0.999491
1510484446,0.89864,-2.62947,1.62027,-0.357105,-3.2563,-2.3497,2.01381,0.767217
1510484449,0.839019,-2.74085,1.71957,-0.487581,-3.4061,-2.41861,2.08502,0.425591
1510484451,0.748958,-2.86288,1.95445,-0.452754,-3.3054,-2.47689,3.17352,-0.0519208
1510484455,0.643589,-3.02345,1.82269,-0.390327,-3.49633,-2.33027,3.3303,0.0603804
1510484458,0.883926,-2.71693,2.1688,-0.332839,-3.28385,-2.26423,2.86687,-0.401089
1510484461,0.706468,-2.92583,2.01388,-0.68627,-3.52062,-2.09675,2.70046,-0.0387044
1510484464,0.767503,-2.91457,2.05367,-0.671558,-3.28696,-1.91879,1.86093,0.322843
1510484467,0.83867,-2.93079,2.96653,-0.736261,-3.27843,-2.51585,1.5952,0.310869
1510484470,0.731959,-3.10115,3.02983,-0.538966,-3.10631,-1.95076,2.48914,-0.32238
1510484473,0.700471,-3.1959,2.00753,-0.317909,-3.42059,-1.92923,2.98233,-0.823358
1510484476,0.899517,-3.15508,2.4873,-0.522214,-3.47964,-2.09646,3.23659,-0.815637
1510484479,1.02622,-3.18234,2.66801,-0.286198,-3.30931,-2.04973,2.56783,-0.579223
1510484481,1.11406,-3.03011,2.48545,-0.438003,-3.48318,-2.23629,1.99809,-0.623174
1510484485,0.837675,-2.90004,2.281,-0.189122,-2.97661,-1.87428,1.25113,-0.0674746
1510484488,1.11611,-2.67119,1.89055,-0.017378,-2.70794,-1.91783,1.54749,-0.598503
1510484491,1.16097,-2.33276,1.32955,0.0137971,-2.51082,-1.58621,2.32983,-1.13624
1510484494,1.09585,-2.13184,1.25419,-0.243398,-2.25615,-1.27727,1.85116,-1.25738
1510484497,0.836211,-2.06476,1.57592,-0.400041,-2.04566,-1.37645,1.21734,0.122882
1510484500,1.13941,-2.08061,1.31096,-0.326999,-2.01815,-1.14376,0.53554,-0.597448
1510484503,0.83341,-1.82209,1.72821,-0.625554,-1.63675,-1.01922,1.13837,-0.460854
1510484506,0.559846,-1.70513,1.15547,-0.487359,-1.47142,-0.913212,1.7216,-1.24638
1510484509,0.87216,-1.50613,1.05725,-0.229601,-1.48417,-0.913431,1.2334,-0.886297
1510484511,0.637186,-1.50578,1.15094,-0.323756,-1.35261,-0.94379,0.277501,0.266528
1510484515,-0.0984575,-1.81199,0.839715,-0.443609,-1.18847,-0.600279,-0.249591,-0.269578
1510484518,-0.176985,-2.04579,0.729975,-0.495883,-1.11676,-0.689284,0.434896,0.0127667
1510484521,-0.226223,-1.99702,0.320267,-0.325206,-1.14436,-0.766732,1.02441,-0.0455018
1510484524,-0.248208,-1.90933,0.640017,-0.365651,-1.10472,-0.753908,1.33518,-0.208152
1510484527,0.123551,-1.50773,0.76952,-0.4144,-1.10792,-0.683711,0.914033,-0.188568
1510484530,-0.132192,-1.76269,1.14936,-0.596971,-0.80391,-0.54296,0.225674,-0.0910931
1510484533,0.224259,-1.56601,0.855547,0.014206,-0.734645,-0.73902,0.02027,0.874929
1510484536,0.385672,-1.6988,0.816334,-0.179572,-0.886633,-0.431467,0.856409,-0.421873
1510484539,0.745761,-1.24716,0.886694,-0.316525,-0.8755,-0.419897,1.48256,-0.635884
1510484541,0.380307,-1.45964,0.860258,-0.157784,-0.789159,-0.413204,0.190106,0.109131
1510484545,0.384091,-1.41211,1.06367,-0.146392,-0.573754,-0.174963,0.446323,0.191051
1510484548,0.53329,-1.39638,0.840549,-0.111827,-0.520303,-0.305779,0.421319,0.18511
1510484551,0.167571,-1.19527,1.11367,-0.148908,-0.818765,-0.595043,0.88369,-1.06637
1510484554,-0.177019,-1.58506,0.768879,-0.119405,-0.754039,-0.599253,1.4073,-0.838791
1510484557,-0.105015,-1.39986,0.949144,-0.125684,-0.694195,-0.547483,0.786705,-0.606527
1510484560,-0.107845,-1.3287,0.725724,-0.35509,-0.848924,-0.826615,-0.025901,0.152688
1510484563,-0.450835,-1.56371,0.56451,-0.404343,-0.64886,-0.44936,0.704496,-0.0477918
1510484566,-0.0478412,-1.3028,1.02132,-0.334081,-0.8935,-0.683047,1.2746,-0.976855
1510484569,-0.0115422,-1.28065,0.731189,-0.509456,-0.746232,-0.36604,1.37468,-1.25724
1510484571,-0.341004,-1.42195,0.70572,-0.208999,-0.764914,-0.134031,0.493002,-0.599191
1510484575,0.210558,-1.16928,1.40478,-0.0695069,-0.694129,-0.408365,0.526696,-0.449159
1510484578,-0.105761,-1.03958,1.78432,-0.00558959,-0.825233,-0.536323,1.16873,-1.00477
1510484581,0.0765141,-1.2636,1.31407,-0.300402,-0.535299,-0.332844,1.49813,-1.09691
1510484584,0.26258,-1.38754,1.47377,-0.153745,-0.640142,-0.423865,0.602876,-0.227042
1510484587,-0.168374,-1.57758,1.32431,-0.0256335,-0.758646,-0.519445,-0.152757,0.181008
1510484590,-0.0922216,-1.77842,1.21658,-0.127937,-0.66633,-0.447085,0.582798,0.353597
1510484593,-0.0278775,-1.5941,1.08221,-0.0677261,-0.845817,-0.481877,1.15702,-0.41333
1510484596,-0.376817,-1.85929,1.4653,-0.113663,-0.920744,-0.566875,1.7155,-0.287192
1510484599,-0.185861,-1.48422,1.27542,-0.262683,-0.838536,-0.555296,1.2536,-0.0243185
1510484601,-0.1156,-1.34102,1.52803,-0.482217,-0.750358,-0.551338,0.234567,0.646057
1510484605,0.146011,-1.22317,1.33562,-0.365319,-0.800551,-0.391863,0.287683,0.190764
1510484608,-0.0818052,-1.54792,1.25815,-0.14398,-0.595565,-0.594839,0.843916,0.388542
1510484611,0.107643,-1.3064,1.0906,-0.073317,-0.750608,-0.370263,1.4334,-0.811101
1510484614,0.248923,-1.2974,0.597987,-0.329611,-0.95177,-0.74434,1.45479,-0.916173
1510484617,0.019564,-1.37578,1.21976,-0.214311,-0.876256,-0.866151,0.76985,-0.55469
1510484620,-0.0541267,-1.30286,0.828717,-0.402826,-1.03711,-0.865084,0.10835,0.18396
1510484623,0.0400437,-1.1699,0.903448,-0.325362,-1.32233,-1.33206,0.264981,0.151625
1510484626,0.151633,-1.56507,0.664323,-0.369841,-1.36476,-1.05672,1.45964,-1.18809
1510484629,0.434043,-1.21418,1.11148,-0.0983214,-1.03769,-1.14942,0.789235,-0.733955
1510484631,0.266823,-1.08283,0.745651,0.0327399,-0.616707,-0.784871,-0.293278,-0.449723
1510484635,0.276356,-1.12351,1.23964,-0.297355,-0.690599,-0.688065,-0.0700461,-0.30453
1510484638,0.481495,-0.816284,1.72965,-0.0531526,-0.260426,-0.631875,1.47833,-1.12218
1510484641,0.588875,-0.568189,1.35105,0.0654004,0.0058332,-0.767917,1.35699,-0.952242
1510484644,0.546426,-0.63746,1.305,0.0318482,-0.149269,-0.737186,0.539986,-0.215738
1510484647,0.579644,-0.762205,1.3798,-0.169457,-0.26143,-0.546537,0.0870775,0.0325824
1510484650,0.0195931,-1.03524,1.30638,-0.134104,-0.0653067,-0.361643,0.413182,-0.838491
1510484653,-0.928089,-1.7394,1.65763,-0.118758,0.462332,-0.0277216,1.26559,-0.689613
1510484656,-0.887572,-1.81634,1.44158,-0.135922,0.301549,-0.00637909,1.14399,-0.991936
1510484659,-0.994923,-1.67578,0.990646,-0.117173,0.357171,-0.240353,0.297403,-0.0443049
1510484661,-0.756929,-1.43131,1.015,-0.039192,-0.0181872,-0.177205,1.55516,-1.30288
1510484665,-0.748225,-1.50694,0.647877,-0.0570481,9.85914e-05,-0.260707,1.75089,-0.9132
1510484668,-1.0887,-1.48306,1.20091,-0.101169,0.113055,-0.155762,1.16086,-0.721715
1510484671,-1.29037,-1.47525,1.36084,0.265444,0.143103,-0.0686053,0.0854252,-0.214248
1510484674,-1.38737,-1.74014,1.25036,0.102952,0.181164,-0.140086,0.235926,-0.687987
1510484677,-1.28402,-1.6443,1.36325,0.306989,0.265137,-0.0790658,1.2603,-1.26681
1510484680,-1.60364,-1.9606,1.36472,0.055283,0.501941,0.0921197,1.25,-1.119
1510484683,-1.53974,-1.88805,1.05919,-0.160674,0.3659,-0.302083,0.246056,-0.168732
1510484686,-1.32375,-1.94374,0.965131,-0.115627,0.216036,-0.146871,0.114333,-0.414678
1510484689,-1.29131,-1.81212,0.746813,0.218332,0.205564,-0.31412,0.971006,-0.481099
1510484691,-1.03833,-1.9661,0.981459,0.0638019,0.630144,-0.214611,0.528762,-0.226448
1510484695,-1.04273,-1.94956,1.38005,0.111487,0.682531,-0.310624,0.0117749,0.0742875
1510484698,-0.476159,-1.80081,1.55506,0.0322869,0.467884,-0.334653,-0.0734556,0.401516
1510484701,-1.04494,-1.94839,0.899692,-0.00188984,0.664564,-0.413385,0.713714,-0.494006
1510484704,-1.14187,-2.20443,1.30572,0.210344,0.572624,-0.392708,1.08042,-0.817206
1510484707,-1.11796,-2.01456,1.57267,-0.123618,0.558998,-0.535553,0.0228481,-0.36395
1510484710,-0.792216,-2.31856,1.37443,0.161226,0.772999,-0.478971,-0.0075028,-0.125896
1510484713,-1.17277,-2.53998,1.59586,-0.151907,0.564864,-0.56263,0.661109,-0.854883
1510484716,-0.441964,-2.23688,0.992349,0.0273676,0.183067,-0.841174,1.30862,-0.821351
1510484719,-0.584141,-2.46354,1.21894,0.0499634,0.524929,-0.61113,0.727535,-0.73322
1510484721,-0.66858,-2.41639,1.26697,0.175173,0.467152,-0.619091,-0.0686666,-0.526678
1510484725,-0.155559,-2.00001,1.42469,0.0974735,0.272615,-0.541461,0.0513713,-0.59138
1510484728,0.279413,-1.51689,1.525,0.0439183,-0.412738,-1.10369,1.21778,-1.24246
1510484731,0.181268,-1.26786,1.59938,0.102273,-0.112571,-1.02389,1.37286,-1.2235
1510484734,0.210654,-1.23068,1.41055,0.0624224,-0.0932677,-1.19836,0.401875,-1.13479
1510484737,0.126644,-1.44277,1.14403,-0.258973,-0.103257,-1.09683,-0.171141,-0.398625
1510484740,0.0749787,-1.51505,1.36765,-0.167359,-0.275825,-1.38932,0.45723,0.0137552
1510484743,0.538071,-0.895471,1.34911,-0.348967,-0.742693,-2.03791,1.17099,-0.689739
1510484746,1.16241,-0.623993,1.24162,0.00829023,-1.0262,-2.06981,1.22788,-0.383976
1510484749,0.602278,-0.953469,1.18238,0.0750979,-1.24501,-2.20706,0.367008,-0.297629
1510484751,0.7399,-0.925763,1.51974,-0.00174343,-1.14124,-2.21586,0.367957,-0.0778623
1510484755,0.747719,-1.03572,1.24756,-0.00437149,-1.28864,-2.38,0.0305873,-0.550165
1510484758,0.530587,-0.875418,1.26769,-0.116814,-1.09718,-2.32812,1.19686,-0.447508
1510484761,0.815705,-0.690615,1.2788,0.0415089,-1.28965,-2.26283,0.890112,-0.347578
1510484764,0.888108,-0.275986,1.5969,0.0160616,-1.38803,-1.98836,-0.0677491,0.302051
1510484767,0.635269,-0.491712,1.53095,-0.171224,-0.826789,-1.59693,-0.330406,0.458877
1510484770,0.820555,-0.269683,1.69358,-0.0307935,-1.04992,-2.13574,0.567003,0.148058
1510484773,0.874859,-0.289887,1.25562,0.0183945,-1.0938,-1.92714,1.15393,-0.415199
1510484776,0.8708,-0.426333,1.38575,0.291784,-1.29808,-1.94208,0.854516,-0.0118763
1510484779,0.560045,-0.681938,1.3573,0.0559783,-1.2095,-2.21266,-0.209883,0.274012
1510484781,0.573156,-0.682867,1.50914,-0.0454974,-1.09454,-1.85843,0.461727,-0.120514
1510484785,0.329591,-0.859681,1.14819,-0.316879,-0.912197,-1.9257,0.617916,-0.137658
1510484788,0.583702,-0.888443,1.45251,0.168186,-1.01336,-1.99572,0.936962,-0.161621
1510484791,0.2903,-1.17594,1.56028,0.31427,-0.886152,-1.91961,0.044478,0.404202
1510484794,0.428658,-1.18282,1.56058,0.524234,-0.951095,-1.95737,-0.494708,0.710813
1510484797,0.901738,-0.991253,1.73718,-0.0925002,-0.864278,-2.20671,-0.179051,0.668325
1510484800,0.611434,-1.14421,1.62998,-0.127686,-0.781545,-1.97885,0.387681,0.181012
1510484803,0.669596,-1.47925,1.82771,-0.264278,-0.623298,-1.84524,0.569092,-0.159774
1510484806,0.414078,-1.40202,1.40359,0.123153,-0.677642,-1.92787,0.116545,0.342861
1510484809,0.504383,-1.36908,1.69136,-0.335471,-0.601563,-1.80514,-0.447993,0.368699
1510484811,0.732554,-1.16097,1.17809,-0.336113,-0.684576,-2.00481,1.08118,-0.705654
1510484815,0.474167,-0.524444,1.64959,-0.0621024,-1.22664,-1.65066,0.505857,-0.81822
1510484818,-0.358913,-0.987183,1.711,-0.0249803,-0.812808,-1.4424,0.757328,-1.17161
1510484821,-0.113768,-1.11271,2.39786,0.222821,-0.603396,-1.02074,0.134869,-0.809513
1510484824,-0.0923346,-0.985356,1.9931,-0.062308,-0.659247,-1.04211,-0.498952,-0.0621333
1510484827,-0.40441,-1.19067,1.39351,0.0282466,-0.789356,-0.852759,0.157651,-0.63305
1510484830,0.121171,-1.23742,0.683093,-1.23945,-0.66757,-1.05216,2.04272,-0.223509
1510484833,0.0424541,-1.64705,1.00937,-1.00504,-0.209453,-1.04661,1.226,0.66754
1510484836,0.0142558,-1.6753,0.816,-1.04944,-0.605196,-1.66581,-0.0270691,0.81156
1510484839,0.0451097,-1.90879,0.88743,-0.99174,-0.591747,-1.56376,0.53961,0.408753
1510484841,0.2695,-1.8261,0.684447,-1.08216,-0.580415,-1.60873,0.893716,0.751348
1510484845,0.327748,-1.85184,0.794161,-1.4228,-0.535648,-1.68108,0.577598,0.941718
1510484848,0.219981,-1.60417,0.852584,-1.2537,-0.525267,-1.54557,0.372553,1.30748
1510484851,-0.0217564,-1.52312,0.47564,-1.02492,-0.536311,-1.41373,1.17221,0.756772
1510484854,0.0214078,-1.63258,0.510722,-0.913144,-0.363866,-1.37921,1.0512,1.03532
1510484857,-0.0241397,-1.53323,0.916886,-0.845145,-0.262179,-1.23343,0.167001,1.54369
1510484860,0.361081,-1.20338,0.76118,-1.09371,-0.416392,-1.1232,0.973386,1.25931
1510484863,0.419808,-1.11781,0.868662,-0.99515,-0.559844,-1.07306,1.50114,0.761308
1510484866,-0.135576,-1.34692,1.01922,-0.873677,-0.184475,-1.20935,0.729042,1.08001
1510484869,-0.189155,-1.20254,0.349907,-0.68658,-0.100983,-1.03356,0.165288,1.80508
1510484871,0.17258,-0.988035,0.16546,-0.675163,-0.377713,-1.19882,1.58494,0.671306
1510484875,-0.561648,-1.42424,0.330273,-1.03504,-0.581425,-1.15033,1.91922,0.469689
1510484878,-0.503797,-1.62468,0.0619477,-0.796066,-0.453385,-1.12589,1.01823,1.00534
1510484881,-0.294602,-1.22641,0.375452,-0.785714,-0.385543,-0.95148,0.365057,1.38548
1510484884,-0.479205,-1.3637,0.491173,-0.700582,-0.359255,-1.08216,0.242558,0.918027
1510484887,-0.573473,-1.224,0.61209,-0.373116,-0.145524,-0.712691,0.617936,0.24085
1510484890,-0.653609,-1.28978,0.850875,-0.446557,-0.197698,-0.539305,1.67122,-0.319413
1510484893,-0.371899,-1.30543,0.632793,-0.57397,-0.210771,-0.670772,1.08717,-0.107447
1510484896,-0.726099,-1.36623,1.37298,-0.883384,-0.368324,-0.878656,0.593254,0.225061
1510484899,-0.817286,-1.48684,1.47362,-0.455173,-0.497434,-1.14421,0.46545,0.479528
1510484901,-0.777482,-1.58962,0.913897,-0.368105,-0.35887,-0.778443,0.639703,0.0549694
1510484905,-0.733082,-1.41271,1.52532,0.307671,-0.608006,-1.19276,-0.286129,-0.420704
1510484908,-0.625458,-1.3042,1.32923,0.324773,-0.507276,-0.942807,0.39352,-0.21805
1510484911,-0.24941,-1.07372,0.931635,0.420435,-0.567788,-1.06632,0.684988,-0.371199
1510484914,-0.376517,-0.959564,1.70159,0.175673,-0.515318,-1.1769,0.183868,0.401949
1510484917,-0.41288,-1.08549,1.53463,0.149457,-0.36705,-1.32489,0.0742387,0.857741
1510484920,0.0463729,-1.15736,1.49888,0.566691,-0.54093,-1.32279,-0.424838,0.334296
1510484923,-0.160809,-0.891396,2.19348,1.0163,-0.568001,-1.28507,0.0520155,-0.43861
1510484926,0.0478314,-1.00397,2.35295,1.02774,-0.587229,-1.03838,0.711604,-0.600128
1510484929,-0.0676005,-0.974027,2.37458,0.999605,-0.474543,-1.01197,0.152308,-0.181276
1510484931,-0.0901068,-1.10943,1.96912,0.745911,-0.645678,-1.15057,-0.847836,0.592051
1510484935,-0.347477,-1.16915,2.57674,1.11876,-0.268846,-0.907819,-0.924125,0.415236
1510484938,-0.164325,-0.734633,2.1461,1.33316,-0.493978,-0.885386,-1.65845,0.334995
1510484941,-0.278318,-1.10221,2.22062,1.04529,-0.434582,-0.874175,-0.803549,-0.148949
1510484944,-0.366835,-0.966477,2.27282,0.895951,-0.517646,-1.01883,0.219088,-0.877918
1510484947,-0.362144,-1.18538,2.37307,1.07517,-0.725111,-1.12066,-0.0728041,-0.849519
1510484950,-0.564603,-1.17774,2.00979,1.03998,-0.652527,-0.874356,-1.08563,-0.26727
1510484953,-0.661897,-1.43602,2.0264,0.902615,-0.637595,-0.861548,-1.20266,-0.225056
1510484956,-0.431606,-0.73737,2.17803,0.729147,-0.831727,-1.05899,-1.03371,-0.261758
1510484959,-0.254551,-0.681417,1.70308,1.18503,-0.417341,-0.666179,-0.212037,-0.169968
1510484961,-0.279319,-0.522412,1.67424,0.937154,-0.686769,-0.928036,0.23996,-0.658518
1510484965,0.0716951,-0.454173,1.96767,0.772229,-0.590348,-1.01292,-0.0258055,-1.08344
1510484968,-0.049129,-0.49545,1.78751,0.86326,-0.488869,-0.873556,-0.230135,-0.402452
1510484971,-0.574874,-0.628145,1.8887,0.811358,-0.465331,-0.782131,-1.50951,-0.0635721
1510484974,-0.579353,-0.493135,1.7799,0.792368,-0.392771,-0.646176,-0.419357,-0.759159
1510484977,-0.862646,-0.39659,1.7643,0.533255,-0.526303,-0.941972,0.619597,-1.16403
1510484980,-0.712162,-0.595388,1.64136,0.27957,-0.614627,-0.654991,0.397887,-1.43879
1510484983,-0.843692,-0.641007,1.48322,0.319599,-0.462935,-0.794385,-0.961572,-0.371525
1510484986,-0.804454,-0.465385,1.36108,0.328338,-0.198961,-0.649273,-0.673422,-0.904962
1510484989,-0.898178,-0.642398,1.8308,0.389359,-0.0466658,-0.575934,0.00953083,-1.26364
1510484991,-0.807182,-0.400805,2.09505,0.44903,-0.274446,-0.624664,-0.274996,-1.09934
1510484995,-0.508361,-0.954271,1.43522,0.00651139,-0.116194,-0.752354,0.360425,-0.479005
1510484998,-0.717075,-1.13176,1.56329,-0.271779,-0.0279718,-0.926551,-0.2115,0.499227
1510485001,-0.478253,-1.23475,1.19776,-0.325541,-0.121512,-0.873586,-0.315115,0.350337
1510485004,-0.80603,-1.54801,1.56831,-0.482711,-0.224703,-0.748709,0.818113,-0.469737
1510485007,-0.823647,-1.47728,1.98951,-0.306878,-0.25418,-1.00667,0.757046,-0.378005
1510485010,-0.933064,-1.71519,2.17573,-0.358463,-0.463779,-0.877219,-0.0224741,0.372335
1510485013,-0.839421,-1.68197,2.47698,-0.099314,-0.177302,-0.927054,-0.104303,0.412647
1510485016,-0.494887,-1.21399,2.2301,0.158845,-0.234462,-0.817049,0.856665,-0.509499
1510485019,-0.423517,-1.51812,1.6542,-0.190472,-0.118229,-0.874395,0.636621,-0.510771
1510485021,-0.42814,-1.33342,1.80587,-0.220422,-0.31826,-1.09078,0.251445,0.348469
1510485025,0.0673946,-1.47327,2.26554,-0.370242,-0.0630518,-0.799684,-0.00884599,-0.0511667
1510485028,-0.181654,-1.23607,1.69156,-0.468811,-0.0805463,-0.824616,0.65347,-1.01695
1510485031,-0.0600821,-1.18828,1.89983,-0.320085,-0.0883015,-0.752079,1.20394,-1.13254
1510485034,0.102801,-1.43469,1.18439,0.00306748,-0.0461513,-0.573588,-0.0180838,-0.628812
1510485037,0.616393,-1.0124,1.81453,-0.0295768,-0.198835,-0.903451,-0.452745,-0.243474
1510485040,0.223296,-1.376,2.03157,0.0643301,0.172109,-0.755215,0.0251054,-0.259083
1510485043,0.215359,-1.47181,1.60767,-0.252417,-0.127832,-1.05524,0.454126,-0.505622
1510485046,0.206749,-1.4094,1.3724,-0.316434,-0.137252,-1.22223,1.02483,-0.882242
1510485049,0.266469,-1.60144,1.47223,-0.152676,-0.115021,-0.926805,1.11559,-1.34533
1510485051,-0.0717039,-1.48953,1.69022,-0.0529593,-0.0573944,-0.835163,-0.248462,-0.257285
1510485055,0.458059,-1.41816,1.24029,-0.153403,-0.0136867,-0.808238,-0.264888,-0.198218
1510485058,0.127052,-1.19227,1.75355,-0.0162396,-0.135189,-1.0659,0.73581,-1.139
1510485061,0.192192,-1.20461,1.18057,-0.161347,-0.0189593,-0.674437,0.94758,-0.663617
1510485064,0.291235,-1.35907,1.68488,0.132238,-0.190051,-0.874951,0.541501,-0.312615
1510485067,0.0085811,-1.32764,2.02272,-0.0988391,-0.165288,-0.784807,-0.325989,0.0346927
1510485070,-0.165543,-1.30626,1.86465,-0.101465,-0.443278,-0.903353,-0.00360657,-0.405748
1510485073,-0.121012,-1.35647,1.50221,-0.109861,-0.121768,-0.731187,0.638581,-0.0371553
1510485076,-0.429108,-1.72685,1.42532,0.0825189,0.184699,-0.489654,1.04463,-0.260415
1510485079,-0.220358,-1.3175,1.0413,-0.015382,-0.213784,-0.690532,0.756933,-0.422027
1510485081,-0.164408,-1.17246,1.40372,0.60861,-0.172829,-0.698918,-0.295782,0.204042
1510485085,-0.442284,-1.48101,1.01473,-0.0729984,0.0160926,-0.654731,-0.312905,0.6019
1510485088,-0.398822,-1.43354,1.3203,0.0129025,-0.153653,-0.657353,-0.528189,0.517026
1510485091,-0.412259,-1.37353,1.32807,-0.362177,0.129043,-0.554342,0.127463,0.190468
1510485094,-0.407139,-1.35431,1.51658,-0.148019,0.147088,-0.802078,0.805853,-0.114267
1510485097,-0.199984,-1.03281,1.72361,0.134116,-0.0811748,-1.07842,0.422163,-0.00135117
1510485100,-0.764269,-1.57989,1.79046,-0.0571508,0.0450287,-0.762295,-0.0788707,-0.0598611
1510485103,-0.772269,-1.54376,1.42202,0.0508992,0.0699976,-0.774142,-0.337815,0.446099
1510485106,-0.602596,-1.34208,1.30811,0.243058,-0.0800513,-0.827644,-0.748079,0.773754
1510485109,-0.434028,-1.77262,1.80268,0.0264661,-0.196217,-0.908412,-0.0929916,-0.046041
1510485111,-0.342188,-1.4271,1.64009,-0.0759232,-0.216103,-1.08204,0.312493,-0.830466
1510485115,-0.634757,-1.61594,1.35624,-0.0853212,-0.0222788,-0.550169,0.969881,-1.05933
1510485118,-0.573976,-1.64433,1.8966,-0.194453,-0.137248,-0.663135,0.686076,-0.403256
1510485121,-0.397702,-1.42817,1.52882,-0.00684123,-0.0788385,-0.876284,0.0255159,0.0295391
1510485124,-0.204241,-1.35525,1.73831,-0.217375,-0.665343,-1.25542,-0.355044,0.706437
1510485127,-0.511878,-1.658,2.20482,-0.329981,-0.523593,-1.44053,-0.227999,0.0518466
1510485130,-0.0995262,-1.3607,1.95223,0.137479,-0.353399,-1.01811,0.301497,-0.56573
1510485133,-0.124852,-1.45017,1.65528,-0.165432,-0.153704,-1.09814,1.07289,-0.500755
1510485136,-0.166514,-1.34569,2.00078,-0.0703396,-0.47032,-0.879157,-0.209277,0.300101
1510485139,0.113411,-1.21363,1.58314,-0.161264,-0.228417,-0.853195,-0.39772,0.154917
1510485141,0.0977816,-0.972392,1.59802,-0.179484,-0.445001,-1.1451,1.00251,-0.68629
1510485145,0.198861,-0.815137,1.79688,0.184027,-0.327663,-0.728066,0.663089,-1.00605
1510485148,0.328296,-1.1194,2.07991,0.145672,-0.40353,-0.901748,0.521213,-0.143643
1510485151,0.555082,-0.86935,1.80184,-0.11314,-0.272895,-0.988778,-0.440749,0.200187
1510485154,0.381855,-1.25766,1.58687,-0.0232422,-0.161065,-0.680356,0.194931,-0.285774
1510485157,0.681391,-0.672055,1.85096,0.284276,-0.12738,-1.1291,0.422358,-1.1145
1510485160,0.319353,-0.92687,1.65463,0.0268064,-0.19135,-1.23885,0.263837,-1.07848
1510485163,0.121562,-0.803685,1.50948,-0.00546536,-0.194927,-1.10291,0.0155105,0.116196
1510485166,0.0727277,-0.978423,1.91779,-0.0825028,-0.157113,-0.993306,-0.66503,0.541807
1510485169,0.168763,-0.584485,1.88925,-0.167889,-0.0759765,-0.907794,0.00829464,0.126919
1510485171,0.036124,-0.938625,1.84606,0.193138,0.0100059,-0.943011,0.63525,-0.488837
1510485175,0.023556,-1.23543,1.96196,0.096314,-0.17283,-0.847296,0.759527,-0.223634
1510485178,0.221219,-0.964013,1.69339,0.00641924,0.0259889,-0.702986,0.504692,-0.229799
1510485181,0.392012,-0.988319,2.06927,-0.223422,-0.0316753,-0.839715,0.201166,-0.159491
1510485184,0.460311,-0.838307,1.99944,0.151069,-0.0824836,-0.981008,-0.116273,0.424624
1510485187,0.156029,-0.999401,1.86178,0.198935,0.0822424,-0.789172,-0.346082,0.381708
1510485190,0.0354676,-1.14546,1.79929,0.11474,-0.0157287,-0.91228,-0.00762664,-0.634572
1510485193,0.0827445,-0.997101,1.49071,0.160888,-0.0898987,-0.980893,0.417653,-0.602611
1510485196,0.0449386,-1.04232,1.80691,0.30714,-0.270299,-1.06238,0.464513,-0.71242
1510485199,-0.149929,-1.08617,1.64264,0.0736137,-0.118747,-0.941324,0.43852,-0.193036
1510485201,0.0643417,-1.03588,1.39674,-0.074428,-0.0268796,-0.717741,0.236867,-0.00860735
1510485205,0.106613,-0.815601,1.75257,-0.281996,-0.235064,-0.813749,-0.244932,-0.0177357
1510485208,-0.375825,-0.975351,1.4142,-0.502565,-0.224308,-0.944007,0.474609,-0.193294
1510485211,-0.336889,-1.1906,1.29338,-0.235254,-0.11776,-0.992817,0.66406,-0.807602
1510485214,-0.368392,-1.13398,1.29232,0.000451825,0.0704774,-0.812201,0.527929,-0.768268
1510485217,-0.477576,-1.06054,1.41001,-0.343681,0.159669,-0.654365,-0.211888,-0.263647
1510485220,-0.445498,-0.980646,1.48782,-0.436625,0.0609616,-0.884034,-0.415658,-0.272873
1510485223,-0.637948,-0.9369,1.35891,-0.436931,0.0483434,-0.918875,-0.00786651,-0.601042
1510485226,-0.742946,-1.28399,1.29515,-0.412029,0.0196635,-0.612081,0.827527,-1.35198
1510485229,-0.139711,-1.15851,1.64774,-0.473,-0.152185,-0.694435,1.20219,-1.55337
1510485231,-0.297283,-1.09277,1.30218,-0.169313,0.116661,-0.799031,-0.109985,-0.0370939
1510485235,-0.300922,-1.1642,1.36248,-0.268787,-0.058839,-0.682579,-0.387122,-0.41946
1510485238,-0.0972624,-1.22091,1.32643,-0.401636,-0.155971,-0.963674,-0.163832,-0.615778
1510485241,-0.303467,-1.25511,1.43571,-0.610346,-0.310599,-1.16022,0.5329,-0.697157
1510485244,-0.198516,-1.35481,1.57437,-1.05154,-0.289014,-1.25645,1.05636,-1.20216
1510485247,-0.633398,-1.35579,1.76214,-0.852882,-0.158025,-1.12784,0.577851,-0.967215
1510485250,-0.417023,-1.48935,1.54567,-0.623665,-0.11631,-0.970634,-0.307949,-0.4949
1510485253,-0.109852,-1.35065,2.11153,-0.345008,0.0679899,-0.889702,-0.678333,-0.661602
1510485256,0.130866,-1.19469,2.01826,-0.487937,0.109887,-0.486086,-0.138651,-0.550272
1510485259,0.29315,-1.08338,2.02421,-0.32779,-0.00812901,-0.84304,0.476198,-0.971072
1510485261,0.299128,-1.09363,2.0415,-0.496806,0.113954,-0.679961,0.373424,-1.07987
1510485265,0.44549,-1.03116,1.19063,-0.354875,0.340168,-0.446565,0.928686,-1.61781
1510485268,0.566705,-1.12004,1.33584,-0.588179,0.366213,-0.295289,0.380923,-1.26538
1510485271,0.424013,-1.15577,1.37307,-0.566168,0.313379,-0.433751,-0.108925,-0.294766
1510485274,0.076833,-1.21732,2.04474,-0.578569,0.467449,-0.69651,-0.840857,0.182096
1510485277,0.020505,-1.32666,1.80779,-0.0724443,0.365934,-0.717301,-0.572395,-0.457117
1510485280,0.237892,-1.23698,1.96044,0.13201,0.185314,-0.751713,-0.132447,-0.447124
1510485283,0.124544,-1.16345,2.34015,-0.279916,0.487204,-0.483732,0.437233,-0.936328
1510485286,0.253731,-1.20152,1.85354,-0.159042,0.419464,-0.573779,1.09755,-0.54215
1510485289,0.236592,-1.16723,1.78914,0.126487,0.340142,-0.404439,0.628052,-0.716547
1510485291,0.193594,-1.48644,2.11287,0.0322175,0.213318,-0.694674,-0.613913,0.418244
1510485295,0.135664,-1.43826,2.05853,-0.254635,0.181827,-0.755803,-0.687566,0.010092
1510485298,-0.124429,-1.55682,1.71491,-0.443195,0.23564,-0.582905,-0.454864,0.0903681
1510485301,-0.0974133,-1.47135,1.55543,-0.250168,0.0895505,-0.547153,0.301991,-0.319482
1510485304,0.284737,-1.05053,1.64652,-0.256912,0.120379,-0.820012,1.02997,-0.987103
1510485307,0.0842551,-1.21957,1.78488,-0.341344,0.182659,-0.750861,0.610097,-0.732074
1510485310,0.287941,-1.35561,1.57354,-0.367404,-0.0989791,-0.602924,-0.0511019,-0.436802
1510485313,-0.112634,-1.30365,1.25274,-0.0579589,0.0888166,-0.833586,0.0176479,0.16974
1510485316,0.313019,-1.10365,1.5875,-0.276618,-0.0450097,-0.764759,0.240881,-0.191151
1510485319,0.040125,-1.18502,1.51453,-0.386159,0.00964118,-0.753889,1.13051,-0.68295
1510485321,-0.0721298,-1.34412,1.48893,-0.45393,0.164473,-0.44423,0.507091,-0.626867
1510485325,0.11881,-1.35539,1.47712,-0.448995,0.0409414,-0.986385,0.802583,-0.152894
1510485328,-0.179586,-1.34296,1.46371,-0.209511,0.365441,-0.790181,-0.161049,0.182305
1510485331,-0.132026,-1.17882,1.64369,-0.266166,0.238618,-0.746886,-0.432539,0.0357692
1510485334,-0.329439,-1.15824,1.66484,-0.244665,0.240801,-0.777159,0.108481,-0.531138
1510485337,-0.431173,-1.27086,1.71295,-0.258812,0.137621,-0.707466,0.770144,-0.723228
1510485340,-0.562812,-1.30778,1.75605,-0.532947,0.0264206,-1.08168,1.24156,-0.353136
1510485343,-0.546879,-1.33927,1.69975,-0.428065,0.048289,-0.814406,0.521827,-0.390074
1510485346,-0.245214,-1.5346,1.45979,-0.104202,0.0120538,-0.687573,-0.272867,0.064988
1510485349,-0.465131,-1.44543,1.83945,-0.220418,-0.138818,-0.812838,-0.505553,0.642019
1510485351,-0.109897,-1.42154,2.17553,-0.100122,-0.244838,-0.775539,0.829974,-0.491147
1510485355,-0.4332,-1.46852,2.35114,-0.0712604,-0.282286,-0.832401,1.14212,-0.288816
1510485358,-0.420919,-1.56771,2.22814,-0.22939,-0.119913,-0.776324,1.20895,-0.410576
1510485361,-0.153666,-1.44665,2.48562,-0.34262,0.0459933,-0.724386,0.292229,-0.0871916
1510485364,0.14268,-1.3725,2.19532,-0.381044,0.0207008,-0.560323,-0.589387,0.414766
1510485367,0.0451404,-1.17435,1.8834,0.0369357,-0.098106,-0.885994,-0.336266,0.262712
1510485370,-0.150591,-1.5243,1.75065,-0.29992,-0.43387,-0.882644,-0.0647431,-0.292454
1510485373,-0.346843,-1.50839,1.6654,-0.222671,-0.309621,-1.26379,1.11192,-0.503568
1510485376,-0.48401,-1.66614,1.95421,-0.187962,-0.135269,-0.946847,0.567879,-0.378201
1510485379,-0.200044,-1.86931,1.68314,-0.228931,-0.339147,-1.1068,-0.415501,-0.036484
1510485381,-0.0886281,-1.71172,1.66868,-0.279331,-0.316751,-1.02601,0.689676,-0.756965
1510485385,-0.0237731,-1.51584,1.73809,-0.344723,-0.243005,-0.940947,1.03641,-0.619097
1510485388,-0.328791,-1.86113,1.63899,-0.252615,-0.368201,-1.14685,1.01923,-0.971247
1510485391,-0.0792321,-1.61345,1.35456,-0.361511,-0.839898,-1.63152,0.443105,-0.400968
1510485394,-0.200843,-1.84198,1.80703,-0.363819,-0.140058,-1.04169,-0.616828,-0.619694
1510485397,-0.537309,-2.0597,2.25291,-0.257734,-0.108789,-0.729501,-0.148278,-0.222289
1510485400,-0.125253,-1.54429,1.78412,0.0293313,-0.0560353,-0.959833,0.641211,-1.52891
1510485403,-0.400001,-1.73649,1.59127,-0.00336901,0.0890469,-0.850565,0.779061,-1.39827
1510485406,-0.115502,-1.3875,1.50232,-0.0419025,-0.207839,-1.08824,0.332589,-0.640788
1510485409,0.0523417,-1.54752,1.7607,-0.180328,-0.0700301,-1.16392,-0.261901,-0.301321
1510485411,0.00437562,-1.42282,1.86724,0.0276405,-0.0148841,-1.06316,0.886468,-1.03879
1510485415,0.0393147,-1.46827,1.68078,-0.185799,-0.0385586,-0.965364,0.448879,-0.829281
1510485418,-0.537437,-1.63965,1.69111,-0.220418,-0.20352,-1.42624,0.775971,-1.04067
1510485421,-0.359323,-1.82985,1.64014,-0.196452,-0.327594,-1.52656,0.593645,-0.878757
1510485424,-0.760812,-1.84183,1.50091,-0.327024,-0.331847,-1.16186,-0.547736,0.153065
1510485427,-0.490531,-2.00809,1.26349,-0.251784,-0.259439,-1.38944,-0.685095,0.675362
1510485430,-0.273227,-1.95915,1.51862,-0.31697,-0.233645,-1.22809,0.79064,-0.0265114
1510485433,-0.722054,-1.96795,1.66683,-0.104429,-0.244166,-1.26271,0.89654,-0.530028
1510485436,-0.71838,-1.98528,1.28749,-0.462804,-0.421482,-1.18028,0.533053,-0.0934858
1510485439,-0.877562,-1.95176,1.34774,-0.507956,-0.502411,-1.08262,-0.326114,0.747677
1510485441,-0.70986,-1.86158,1.01453,-0.299648,-0.453374,-1.03553,0.863965,-0.0506617
1510485445,-0.885487,-1.88602,1.67334,-0.525251,-0.287256,-1.12817,-0.300749,0.271384
1510485448,-0.62214,-1.69782,1.1075,-0.629938,-0.526035,-1.17273,0.29293,-0.100544
1510485451,-0.939536,-1.94738,1.5989,-0.314221,-0.383832,-1.04364,0.807228,-0.20777
1510485454,-0.860866,-1.93039,1.4633,-0.622207,-0.205647,-1.15703,0.849696,-0.33644
1510485457,-0.781714,-1.69612,1.12451,-0.250109,-0.221911,-1.2869,0.368911,0.0383251
1510485460,-0.642213,-1.67277,1.44088,-0.50266,0.0279828,-1.06534,-0.452397,0.35359
1510485463,0.133807,-0.63763,1.55375,-0.505912,-0.122518,-1.4535,-1.04114,-0.118153
1510485466,-0.417797,-0.905697,2.18509,-0.220258,0.41069,-1.13776,0.556299,-0.76345
1510485469,-1.06045,-1.64356,2.39489,0.0578738,0.702241,-0.872482,0.755862,-0.885064
1510485471,-0.434642,-1.22844,2.22119,-0.423648,1.00113,-0.587245,-0.94422,-0.0343976
1510485475,-0.0398116,-0.971195,2.29254,-0.033512,0.744193,-0.872024,-1.01763,0.00886253
1510485478,0.125368,-1.15753,1.63492,-0.0657437,0.484749,-1.11197,-0.203771,-0.610602
1510485481,0.30216,-1.24887,1.72516,-0.0423858,0.622139,-0.803048,0.566525,-1.20175
1510485484,0.136937,-1.15161,2.17273,-0.00300883,0.545188,-1.05079,0.863841,-0.895811
1510485487,-0.0645184,-1.39976,2.24628,0.060805,0.602678,-0.643511,0.307761,-0.301964
1510485490,0.0209645,-1.41461,2.29566,-0.0455047,0.496316,-0.660951,-0.759942,-0.110562
1510485493,0.457639,-1.29301,2.02924,0.0819892,0.428155,-0.881582,-0.557597,-0.190627
1510485496,-0.274359,-1.38217,2.37771,-0.150375,0.426412,-0.751425,-0.189573,-0.438846
1510485499,-0.184576,-1.5401,1.97799,-0.150815,0.175286,-1.40825,0.682434,-0.758865
1510485501,-0.270865,-1.61318,1.95463,-0.127006,0.0722532,-0.916609,0.230528,-0.107696
1510485505,-0.103523,-1.57299,1.83033,-0.0568371,0.0580635,-1.04204,0.744537,-0.676746
1510485508,-0.356594,-1.5527,1.77392,-0.246063,0.0437445,-0.823235,-0.042588,0.066333
1510485511,0.0975378,-1.52506,1.62027,-0.0749956,-0.0326598,-1.14164,-0.350907,0.456657
1510485514,0.304586,-1.40254,1.77528,0.062638,-0.00580831,-1.08287,-0.0568558,0.216755
1510485517,0.180686,-1.36204,1.78624,0.179492,-0.308655,-1.1219,0.553159,-0.423602
1510485520,-0.0818541,-1.34855,1.90882,0.225607,-0.174069,-1.43936,0.774506,-0.370347
1510485523,0.229766,-1.2669,1.5806,0.00742755,0.0594205,-1.37975,0.812312,-0.369431
1510485526,0.198215,-1.22582,1.95842,0.199618,-0.0922808,-1.65267,0.148926,0.143664
1510485529,0.143799,-1.12283,1.70519,-0.26984,0.27398,-1.17491,-0.26147,0.193906
1510485531,0.137302,-1.08998,1.83077,-0.100576,0.209793,-1.34589,-0.487758,0.0570321
1510485535,-0.258016,-1.51733,1.85459,0.354359,0.218176,-1.30198,-1.21292,0.987766
1510485538,-0.126601,-1.42993,1.88105,0.231413,-0.00770888,-1.38252,-0.269648,0.531942
1510485541,-0.0266553,-1.14969,1.1532,-0.0571078,0.392727,-1.27914,0.0829791,-0.234938
1510485544,-0.147161,-1.04363,1.35838,0.192309,0.149252,-1.14556,0.862586,-0.750131
1510485547,-0.593202,-1.40987,1.59448,-0.121589,0.320031,-1.10419,0.791128,-0.694152
1510485550,-0.323972,-1.19465,1.40784,0.146466,0.287165,-1.36708,0.185954,-0.64021
1510485553,-0.624119,-1.34368,1.42957,0.159757,0.267705,-1.41601,-0.452503,0.363684
1510485556,-0.129141,-1.26459,1.3631,-0.142077,0.0765822,-1.40637,-0.252427,-0.0101707
1510485559,-0.747455,-1.45597,1.6033,0.0309823,0.566702,-1.11537,0.902336,-1.05309
1510485561,-0.569952,-1.45357,1.5195,-0.194676,0.442078,-1.15766,0.0118673,-0.628961
1510485565,-0.677718,-1.61853,1.54428,-0.115336,0.341321,-1.18576,0.62524,-0.909134
1510485568,-0.311822,-1.431,1.52954,-0.239496,0.274836,-1.08302,0.142341,-0.710876
1510485571,0.0303913,-1.08796,1.5211,0.178924,0.237525,-1.08806,-0.26285,-0.51628
1510485574,-0.557452,-1.44428,1.78153,0.22854,0.391955,-1.18621,-0.0602533,-0.774069
1510485577,-0.292534,-1.34215,1.61436,0.000818106,0.359488,-1.10539,0.507839,-1.16376
1510485580,-0.230895,-1.325,1.74473,-0.0839544,0.219469,-1.33557,0.881933,-1.02915
1510485583,-0.115538,-1.33515,2.0273,0.0913526,0.0375859,-0.966584,0.462611,-1.18593
1510485586,-0.238202,-1.40641,1.70565,0.531763,0.215082,-1.0444,-0.370893,-0.244873
1510485589,-0.0760124,-1.53373,1.89749,-0.0978933,0.166368,-0.710144,-0.451848,-0.459516
1510485591,-0.213103,-0.918608,1.9448,0.0479469,0.103584,-0.915865,1.04333,-1.3553
1510485595,-0.072949,-1.00588,1.9413,-0.149057,-0.0284985,-1.02428,1.11822,-0.867545
1510485598,-0.427055,-1.56612,1.5636,0.0585453,0.0347995,-1.05423,0.497166,-0.641976
1510485601,-0.619956,-1.6726,1.8197,0.0549558,0.355073,-1.05576,0.186853,-0.156081
1510485604,-0.156278,-1.5903,2.08133,0.455706,0.485735,-1.05067,-0.539602,0.231085
1510485607,-0.44662,-1.44185,1.84999,-0.0621147,0.345219,-0.997973,-0.515929,0.206127
1510485610,-0.232256,-1.48112,1.71959,-0.152979,0.572848,-1.00656,0.650521,-0.687404
1510485613,-0.440171,-1.50951,2.1519,-0.112863,0.247499,-1.11927,0.830208,-0.657659
1510485616,-0.34461,-1.43509,2.15087,0.167057,0.201349,-0.991432,0.0186982,-0.0565993
1510485619,-0.130105,-1.24905,2.10169,-0.245529,0.294431,-1.11917,-0.60985,0.299296
1510485621,-0.0845903,-1.23257,1.71544,0.0944322,0.153794,-1.08286,0.25447,-0.359158
1510485625,0.0061522,-1.46953,1.90028,-0.346129,0.208934,-1.28655,0.136025,-0.455581
1510485628,-0.102757,-1.59359,1.89185,-0.453023,0.565566,-1.0035,1.11604,-0.706427
1510485631,-0.491756,-1.40559,1.83783,-0.321937,0.60115,-0.721904,0.427502,-0.407558
1510485634,-0.0109922,-1.29831,1.94624,-0.231919,0.0345876,-1.30108,-0.707763,0.615471
1510485637,-0.223344,-1.55754,1.65068,-0.120224,0.462197,-1.05268,-0.996107,0.270973
1510485640,0.364793,-1.24397,2.016,0.269516,0.211304,-1.13818,-0.477226,-0.320498
1510485643,-0.247597,-1.22056,1.93121,0.132737,0.218581,-0.771076,0.342684,-0.743447
1510485646,-0.00471889,-1.24119,2.02864,0.030656,0.369363,-0.73469,0.857599,-0.533572
1510485649,-0.228066,-1.18652,1.79828,0.0115556,0.340962,-0.942429,-0.22639,0.287478
1510485651,-0.222585,-1.28162,1.86708,0.0105795,0.587679,-0.927843,-0.0502549,0.21519
1510485655,-0.738596,-1.33989,1.62618,0.0943274,0.498979,-0.869297,-0.260285,-0.41851
1510485658,-0.364141,-1.42662,1.40062,-0.181502,0.37696,-0.735347,0.696272,-1.12501
1510485661,-0.474405,-1.37802,1.51447,-0.132494,0.509698,-1.06201,0.819895,-1.30069
1510485664,-0.437937,-1.3868,1.60726,-0.0149443,0.499998,-0.838875,-0.264652,-0.489244
1510485667,-0.337487,-1.26629,1.24497,0.0282349,0.396863,-0.757908,-0.938671,0.0744729
1510485670,-0.562938,-1.27673,1.37132,0.116237,0.391711,-1.04359,-0.557012,-0.786553
1510485673,-0.50213,-1.25856,2.03457,0.340262,0.686975,-0.730356,0.6066,-1.26765
1510485676,-0.431304,-1.28738,2.18574,0.42899,0.399853,-0.687464,0.372074,-0.706001
1510485679,-0.187032,-1.06465,1.87883,-0.0492155,0.665329,-0.672365,-0.73292,-0.0333786
1510485681,-0.259482,-1.12236,1.96237,0.165361,0.570566,-0.976196,-0.166557,-0.443662
1510485685,-0.0669013,-1.33549,2.32446,0.0462613,0.680271,-0.650606,-0.363524,0.0550545
1510485688,0.122304,-1.01743,2.23548,0.0846761,0.748705,-0.804177,0.131175,-0.0349891
1510485691,-0.247566,-1.04359,2.10209,-0.085771,0.457814,-1.19467,0.305653,-0.442568
1510485694,0.293235,-1.13219,1.82735,-0.0736647,0.298695,-1.24687,0.502198,-0.51903
1510485697,0.381641,-1.0161,1.04745,-0.205104,0.253221,-0.962586,0.256014,-0.473092
1510485700,0.146078,-1.23603,2.23157,-0.0573465,0.390443,-0.915261,-0.581439,-0.32465
1510485703,0.467686,-1.17878,1.75559,0.255427,0.435085,-0.815444,-0.334894,-0.235166
1510485706,0.501784,-1.1899,1.38632,-0.293025,0.390165,-1.00956,0.172473,-0.175379
1510485709,0.0525984,-1.32462,1.11981,-0.182946,0.331252,-0.749883,0.573977,-0.950907
1510485711,0.0374241,-1.28423,1.40538,-0.0450628,0.369234,-1.10222,0.0590832,-0.370753
1510485715,0.0179321,-1.56382,1.85386,0.388513,0.42174,-0.771242,-0.200492,-0.488368
1510485718,0.254956,-1.25011,1.78049,-0.00527531,0.314614,-0.9123,-0.739309,-0.293244
1510485721,0.386845,-1.14362,1.36021,0.0598106,0.215134,-1.26666,-0.538783,-0.500555
1510485724,0.460839,-1.33175,1.81854,-0.150855,0.262031,-0.896572,0.680743,-1.55797
1510485727,0.497792,-1.23353,1.92793,-0.0501977,0.376197,-1.03667,0.577696,-1.93072
1510485730,0.498692,-1.07824,1.96428,0.110864,0.339478,-0.885284,-0.173718,-1.22163
1510485733,0.426811,-0.915922,1.9165,0.282498,0.199206,-0.857081,-0.558916,-0.79643
1510485736,0.359479,-1.17293,1.86291,-0.246467,0.576352,-0.331871,0.0975558,-1.53026
1510485739,0.535447,-0.883127,1.99813,-0.143142,0.436989,-0.692295,0.666217,-1.08257
1510485741,0.488279,-0.968617,2.12068,0.0323002,0.512865,-0.566813,0.145425,-0.587433
1510485745,0.430107,-1.01237,1.97271,0.182837,0.49457,-0.624913,0.27224,-0.96201
1510485748,0.575511,-1.08813,1.56229,0.144978,0.638865,-0.643408,-0.0864438,-0.506978
1510485751,0.239668,-1.05574,1.67128,0.29596,0.716599,-0.657137,-0.27508,0.089137
1510485754,0.0411125,-1.29882,1.57147,0.24499,0.687699,-0.84822,0.571264,-0.46611
1510485757,0.146044,-1.3274,1.66985,0.103122,0.302121,-0.778306,0.787669,-0.731001
1510485760,-0.071507,-1.34858,1.50048,-0.263456,0.435387,-0.407796,-0.332144,-0.436943
1510485763,0.0625208,-1.46256,1.86098,-0.0224313,0.316584,-0.61456,-0.603762,0.277538
1510485766,-0.27119,-1.31773,1.82089,0.0790946,0.290806,-0.538449,0.116855,-0.374891
1510485769,-0.375683,-1.30903,1.74419,0.0697262,0.0900496,-0.688517,0.889367,-0.54169
1510485771,-0.319724,-1.35093,1.87208,0.124688,0.467597,-0.530706,-0.432177,0.42021
1510485775,-0.698402,-1.63083,1.58364,-0.0315662,0.189227,-0.47187,-0.271816,-0.0449679
1510485778,-0.461898,-1.3092,1.58228,0.145779,0.402269,-0.782938,-0.297309,0.35308
1510485781,-0.798943,-1.19827,1.97868,0.110972,0.455526,-0.511383,-0.291556,0.452423
1510485784,-0.619845,-1.04967,1.98672,-0.257729,0.255497,-0.598559,0.752571,-0.381707
1510485787,-0.106107,-1.01923,1.91382,-0.221894,0.659759,-0.462388,0.857406,-0.380973
1510485790,-0.250705,-1.19072,1.63812,-0.34005,0.383317,-0.657944,-0.136697,-0.0229398
1510485793,-0.12684,-1.36522,1.39964,0.0887774,0.330446,-0.745789,-0.22286,-0.333083
1510485796,-0.121959,-1.39341,1.38534,0.144979,0.373972,-0.701498,-0.22627,-0.580365
1510485799,0.23897,-1.03584,1.09189,0.0633203,0.104991,-0.707599,0.912214,-1.03914
1510485801,0.254035,-0.787675,1.60566,-0.172219,0.314466,-0.561292,0.0379637,-0.317598
1510485805,0.0517754,-1.13152,1.80049,-0.502523,0.644143,-0.607376,-0.18311,-0.457575
1510485808,0.000264135,-1.09185,2.28261,-0.264001,0.462792,-0.596626,-0.389359,0.273306
1510485811,-0.0589765,-1.178,2.40617,-0.0205019,0.058611,-0.829188,-0.322743,-0.093859
1510485814,0.395848,-1.14125,1.88004,-0.0812164,0.281839,-0.608432,0.327113,-1.32955
1510485817,0.608799,-0.925406,2.17441,-0.0651673,0.430211,-0.577205,0.899976,-1.47785
1510485820,0.652612,-1.03202,1.86018,-0.301329,0.452938,-0.446881,0.990924,-1.70707
1510485823,0.177134,-1.3288,1.78567,-0.30389,0.614945,-0.503825,0.724501,-1.0335
1510485826,0.642638,-1.10372,2.02416,-0.178421,0.38336,-0.826244,-0.534739,-0.600135
1510485829,0.517477,-1.21906,1.87749,-0.101311,0.688496,-0.639719,-0.391668,-0.44276
1510485831,0.544318,-1.21418,2.16989,-0.352657,0.506842,-0.460273,1.05489,-1.66244
1510485835,0.342535,-1.20541,2.05418,-0.306741,0.556068,-0.590879,1.09371,-1.29162
1510485838,0.836408,-1.13267,2.10369,-0.0407549,0.371803,-0.575358,1.22023,-0.873819
1510485841,0.525544,-1.07233,1.68906,0.0176021,0.281251,-0.592954,0.696733,-1.38195
1510485844,0.440409,-0.996892,1.9715,-0.361795,0.40057,-0.739512,0.1363,0.0116584
1510485847,0.360118,-1.27283,1.77762,-0.38319,0.448599,-0.521533,-0.500654,-0.302983
1510485850,0.663519,-1.21951,1.78831,-0.131961,0.448254,-0.40947,-0.187321,-0.470801
1510485853,0.482957,-1.3444,2.02456,-0.119995,0.603887,-0.320728,0.658337,-0.635311
1510485856,0.637667,-1.31561,1.65154,-0.201172,0.557049,-0.555233,1.16333,-0.650523
1510485859,0.220551,-1.45371,1.67917,-0.0199247,0.691972,-0.297104,0.814191,-0.710597
1510485861,0.486753,-1.12845,2.01205,0.0391499,0.574126,-0.422582,-0.17508,0.383351
1510485865,0.444221,-1.2154,1.81341,-0.0200522,0.748973,-0.501904,-0.522396,0.403749
1510485868,0.325031,-1.35891,1.78473,0.325012,0.870639,-0.240106,-0.473804,0.157797
1510485871,0.330301,-1.23072,1.33852,-0.013654,1.01802,-0.0493079,0.259857,-0.273231
1510485874,0.249185,-1.30797,1.58909,-0.0166844,0.498082,-0.150057,0.682711,-0.751696
1510485877,0.211172,-1.34939,1.33345,-0.0404155,0.761757,-0.378029,0.685438,-0.289642
1510485880,0.0639239,-1.21402,1.4651,-0.046097,0.61693,-0.361383,0.180329,-0.011445
1510485883,-0.016436,-1.18075,1.35669,-0.109003,0.70786,-0.325157,-0.143284,0.368122
1510485886,-0.0153039,-1.19256,1.29879,0.154404,0.941408,-0.550016,-0.458742,0.386481
1510485889,0.0411685,-1.03446,1.52297,-0.218507,0.844708,-0.0120274,-0.0230423,-0.32103
1510485891,0.0150394,-0.941964,1.45136,-0.0414717,0.842382,-0.299501,0.221149,-0.822401
1510485895,-0.0626568,-1.01739,1.67586,-0.156474,0.733407,-0.384408,0.527719,-0.908272
1510485898,0.105272,-0.992088,1.95981,-0.0679875,0.856058,-0.38599,0.201793,-0.912295
1510485901,-0.109681,-1.13807,2.21964,0.0454727,0.976578,-0.0334868,-0.3179,-0.576597
1510485904,0.113447,-1.05753,1.6797,-0.213631,0.701216,-0.350102,-0.459692,-0.0809231
1510485907,-0.0282213,-1.00057,1.75711,-0.191283,0.786614,-0.267441,-0.517387,-0.570941
1510485910,0.35708,-1.01449,1.96669,-0.297593,0.893814,-0.311304,0.148853,-0.891637
1510485913,0.228994,-0.844341,1.81428,-0.285465,0.661716,-0.389877,0.630195,-1.66516
1510485916,0.463299,-0.843091,1.8913,-0.114625,0.739892,-0.0698149,0.566772,-1.79
1510485919,0.772573,-0.934844,1.41097,-0.211971,0.608919,-0.427174,-0.216608,-1.31971
1510485921,0.773942,-0.870212,1.60374,-0.116318,0.847429,-0.0867933,-0.425582,-1.29047
1510485925,0.829186,-0.719304,1.99981,-0.201352,0.499102,-0.556698,-0.775758,-0.0904653
1510485928,0.764597,-0.775308,2.04875,-0.298234,0.747514,-0.258921,-0.161473,-0.556761
1510485931,0.805774,-0.684964,2.03464,-0.233635,0.661152,-0.512599,0.252118,-1.10924
1510485934,0.738599,-0.787613,2.09877,-0.108328,0.564583,-0.300405,0.558541,-1.13136
1510485937,0.809844,-0.739062,1.89888,-0.205542,0.840488,-0.0737018,0.89785,-1.13801
1510485940,0.624988,-1.0429,2.02861,-0.225217,0.843323,-0.094849,0.324268,-0.931475
1510485943,0.821044,-0.988106,1.98448,-0.255826,0.712669,-0.180964,0.059134,-0.34457
1510485946,0.925485,-0.69595,1.96385,-0.315862,0.735235,-0.259472,-0.80971,-0.403672
1510485949,0.900913,-0.671796,2.32712,-0.415252,0.662029,-0.107134,-0.74484,-0.138727
1510485951,0.854924,-0.830928,1.9329,-0.458693,0.823465,-0.272557,0.807518,-0.783654
1510485955,0.626409,-0.932388,1.89383,-0.58857,1.03718,0.0472022,0.618326,-0.783875
1510485958,0.88474,-0.737833,1.84564,-0.367621,0.748587,-0.0427068,0.831042,-1.1319
1510485961,0.930928,-0.601046,2.02929,-0.324727,0.644088,-0.471318,0.622951,-0.858838
1510485964,0.664543,-0.958369,1.73326,-0.35377,0.943399,-0.103905,-0.016205,-0.379571
1510485967,0.806805,-0.808789,1.72947,-0.316815,0.715762,-0.234919,-0.613718,-0.337674
1510485970,0.949133,-0.893278,1.67013,-0.367173,0.651967,-0.054609,-0.468026,-0.244495
1510485973,0.700038,-0.677051,1.81142,-0.22736,0.760434,-0.252242,-0.347712,-0.227569
1510485976,1.0297,-0.721847,1.6291,-0.595563,0.668749,-0.554713,-0.423588,-0.428556
1510485979,1.05005,-0.441755,1.66568,-0.258795,0.401363,-0.668558,-0.09432,-0.486873
1510485981,0.930173,-0.707419,1.39315,-0.366084,0.72799,-0.649525,0.484995,-0.477761
1510485985,0.430469,-0.823382,1.53235,-0.197934,0.840407,-0.372126,1.08627,-0.759658
1510485988,0.557583,-0.759092,1.7771,-0.343629,0.849924,-0.548024,0.780534,-1.02452
1510485991,0.508828,-0.746742,1.66208,-0.443914,0.628858,-0.277708,0.4686,-1.18136
1510485994,0.299352,-0.785616,1.77303,-0.310941,0.883405,-0.429714,-0.168099,-0.643664
1510485997,0.202318,-0.808313,1.55651,-0.400767,0.531433,-0.161877,0.0517218,-0.41747
1510486000,-0.234421,-0.910844,1.77459,-0.466286,0.701729,-0.179302,-0.135504,-0.614925
1510486003,-0.138234,-1.00306,1.39213,-0.301711,0.916402,-0.223477,0.660604,-0.942159
1510486006,0.0964941,-1.10869,1.51853,-0.248011,0.755903,-0.309082,1.12074,-1.51615
1510486009,0.0518522,-1.03176,1.35063,-0.169928,0.884032,-0.399009,0.760463,-1.07694
1510486011,0.0487859,-0.810332,1.48905,-0.339137,0.823972,-0.605388,-0.101833,-0.485418
1510486015,0.144002,-0.819476,1.81156,-0.357261,0.625893,-0.557893,-0.728002,-0.0390357
1510486018,0.237699,-0.743245,1.56461,-0.216566,0.642059,-0.353024,-0.200995,-0.681822
1510486021,0.36941,-0.980559,1.83881,-0.532874,1.07087,-0.170311,0.423239,-0.960361
1510486024,0.891797,-0.633858,2.29047,-0.222555,0.841976,-0.520604,0.852123,-0.939524
1510486027,0.665154,-0.764319,2.06323,-0.38145,0.772642,-0.288281,0.288931,-0.131521
1510486030,0.496303,-0.875808,2.01458,-0.427092,0.792309,-0.346549,-0.49329,0.276343
1510486033,0.472553,-0.860873,2.00794,-0.42187,0.850009,-0.181382,-0.0950174,-0.0102356
1510486036,0.653297,-0.847576,2.43406,-0.465028,0.675041,-0.422497,0.234706,-0.550834
1510486039,0.587085,-0.985249,2.28134,-0.489612,0.691317,-0.0785213,0.137718,-0.841807
1510486041,1.12397,-0.764165,2.2599,-0.472271,0.261324,-0.45468,-0.74477,-0.00062512
1510486045,0.88232,-0.86422,2.34654,-0.40623,0.202758,-0.447431,-1.17897,-0.182431
1510486048,0.459568,-1.12861,2.32772,-0.446395,0.480692,-0.211037,-0.795711,-0.378091
1510486051,0.991769,-0.884944,1.86701,-0.628704,0.340972,-0.180244,0.0150293,-0.738337
1510486054,0.415509,-1.12953,2.10621,-0.403204,0.711455,-0.0457387,0.783513,-1.69104
1510486057,0.421713,-1.07935,2.15525,-0.431303,0.638959,-0.186581,-0.176054,-1.42242
1510486060,0.553507,-0.796299,1.85509,-0.324315,0.648038,-0.281086,-1.0028,-0.444432
1510486063,0.471655,-1.0316,1.97839,-0.129186,0.73912,-0.338411,-0.470081,-0.910047
1510486066,0.695543,-0.792444,1.97745,-0.329233,0.709304,-0.463698,0.709872,-1.8132
1510486069,0.724181,-0.968312,1.68544,-0.440584,0.743572,-0.372915,0.714292,-1.65812
1510486071,0.976541,-1.0425,1.73921,-0.424569,0.894795,-0.0861487,-0.703566,-0.719233
1510486075,1.23181,-0.778881,2.16366,-0.299457,0.446894,-0.27868,-0.654651,-0.995135
1510486078,1.02997,-0.861086,2.20265,-0.432321,0.788292,-0.238434,-0.618813,-0.930124
1510486081,0.995139,-0.784727,1.76219,-0.274665,0.593929,-0.135427,-0.310496,-1.32826
1510486084,0.944784,-0.884603,2.03817,-0.00208832,0.742346,-0.180359,0.45158,-1.90417
1510486087,0.71476,-0.884288,1.88224,-0.0221797,0.603493,-0.27076,-0.266608,-0.57495
1510486090,0.822559,-1.00149,1.55167,0.106831,0.611885,-0.27268,-0.282732,-0.964018
1510486093,0.782041,-0.788417,2.06079,0.154427,0.509887,-0.0236531,-0.909744,-0.343308
1510486096,0.579668,-1.04289,1.64155,-0.479153,0.708676,0.0311409,-0.641968,-0.568384
1510486099,0.468816,-0.981147,1.7713,-0.332585,0.940541,0.232294,0.204816,-0.979679
1510486101,0.639596,-0.884275,1.96841,-0.112356,0.792014,0.0193026,-0.439317,-0.533789
1510486105,0.108673,-0.973913,1.57693,-0.120919,0.858731,0.0884877,-0.245626,-0.331744
1510486108,0.13468,-1.03036,1.64459,-0.187252,0.840967,-0.00035609,-0.951788,-0.138918
1510486111,0.0134409,-1.26068,1.39727,-0.29481,0.725576,-0.098004,-0.548547,0.349945
1510486114,-0.102729,-1.04994,1.70329,-0.479868,0.747467,-0.0887704,0.495973,-0.761426
1510486117,0.00106313,-0.894698,1.68089,-0.477451,0.87068,-0.0749729,0.559402,-0.910014
1510486120,0.257002,-0.617546,1.40241,-0.328789,0.709643,0.0272475,0.112627,-0.493327
1510486123,0.289057,-0.737716,1.6792,-0.0629322,0.410556,-0.00832779,-0.25098,-0.0363566
1510486126,0.320504,-0.690033,1.55271,-0.187355,0.468065,-0.0910074,-0.128753,-0.166792
1510486129,0.484198,-0.972129,1.43652,-0.185535,0.712288,-0.333679,0.799003,-0.612669
1510486131,0.490591,-0.860459,2.29779,-0.430737,0.591054,-0.583549,0.341605,-0.756137
1510486135,0.525105,-0.704615,1.94544,-0.54016,0.670799,-0.278811,0.737082,-0.896123
1510486138,0.451664,-0.7628,1.7413,-0.455013,0.340315,-0.591889,0.587878,-0.810539
1510486141,0.972956,-0.343725,1.48801,-0.340518,0.355797,-0.420303,0.260465,-0.776487
1510486144,0.709884,-0.956769,2.00073,-0.358913,0.655238,-0.177069,-0.366401,-0.295633
1510486147,0.857145,-1.02644,1.87183,-0.109216,0.529666,-0.0927417,-0.263621,0.137582
1510486150,1.14371,-0.523416,1.81174,-0.351905,0.281283,-0.23347,-0.25564,-0.157379
1510486153,0.859953,-0.814457,1.94548,-0.516665,0.422569,-0.128766,-0.463202,-0.528915
1510486156,0.883492,-0.797123,2.07184,-0.0338839,0.621777,-0.326885,0.166864,-0.601891
1510486159,1.19476,-0.889019,1.87912,0.0965149,0.527172,-0.100572,0.878977,-0.798562
1510486161,0.966768,-0.724137,2.05282,-0.628908,0.655786,-0.185536,1.05064,-0.943866
1510486165,0.648535,-1.08232,1.71105,-0.334239,0.713428,-0.0849862,0.894712,-1.07246
1510486168,0.834486,-1.14207,1.78869,-0.45557,0.683962,-0.0628807,1.14567,-0.973571
1510486171,1.11316,-0.886672,1.90191,-0.398804,0.491078,-0.250413,0.834164,-0.527832
1510486174,0.83888,-1.02549,1.6205,-0.410445,0.797095,-0.0983224,0.551404,-0.0869249
1510486177,0.828245,-0.924369,2.00689,-0.691572,0.570464,-0.247181,0.343279,-0.510719
1510486180,0.91615,-1.16049,1.95444,-0.729292,0.615071,-0.223084,0.193147,-0.758433
1510486183,0.637745,-1.47892,1.83544,-0.560612,0.909833,0.111478,-0.47358,-0.237843
1510486186,0.531202,-1.32192,1.86198,-0.0169228,0.845492,0.151119,-0.430653,0.0287422
1510486189,0.961952,-1.0626,1.89125,-0.262256,0.823364,-0.119737,-0.350584,-0.0178572
1510486191,0.678165,-0.905386,1.53031,-0.473392,0.763618,-0.466056,-0.429364,-0.256168
1510486195,0.691969,-0.721694,1.73716,-0.511385,0.593258,0.0590802,-0.846625,0.17803
1510486198,0.965398,-0.770987,1.36011,-0.633986,0.624749,-0.228474,-0.717418,-0.26366
1510486201,0.867307,-0.741476,1.7365,-0.536113,0.742805,-0.355818,-0.502581,-0.0907444
1510486204,0.586772,-1.07575,1.47429,-0.69292,0.873604,0.0941902,-0.223757,-0.305799
