Timestamp, IP5-H:Angle, IP5-H:Residuals, IP5-V:Angle, IP5-V:Residuals
NUMBER-POINTS 612
1.530356381807E12,-0.0074046117793888895,1.155029115864182,5.205058776972395E-4,2.0268392254529104
1.530356386847E12,-0.02472455433029466,1.4476888346150567,0.01640522705212026,2.340901855220777
1.530356391807E12,-0.04512933969373774,1.8503769624401638,-0.004622952118093222,2.6917921275317673
1.530356396805E12,-0.03524565244353714,2.0408878244802238,0.011893593230944313,2.8180322056321634
1.530356401845E12,-0.006568165665566738,2.2027394029052267,0.007391130119630873,2.65531715131532
1.530356406805E12,-0.007656994143948234,2.486311203887237,0.03196471831049862,2.525188412256974
1.530356411807E12,-0.03242445612860172,2.0782390259013312,0.03758862711017469,3.1820585852764403
1.530356416847E12,-0.015985133317592774,2.058341073240499,0.028218513526332565,2.9844544917446956
1.530356421847E12,-0.034254779166327215,1.9693960216760136,0.006109855018369709,2.3097419297008446
1.530356426847E12,-0.025169941132848192,2.1010638108136166,0.006064438600958272,3.190428045001617
1.530356431808E12,-0.035944746285915465,2.344040729211316,0.05862693050879308,3.404379088594347
1.530356436805E12,-0.02111980371916488,2.1842908428771985,0.03428358868721373,3.5561471046370845
1.530356441807E12,-0.0449827889591399,2.262909669598181,0.036285814090904873,3.5114427195150295
1.530356446847E12,-0.09302058577573001,2.0958392218309103,0.03343682996717265,2.6864009652611696
1.530356451847E12,-0.06573902832985377,1.9801979247770833,0.05934633269017045,2.637548678173906
1.530356456805E12,-0.06268885091446959,1.7660754329750001,0.07616681530008541,3.678726725523729
1.530356461887E12,-0.03561691238255391,2.473350875488693,0.07621661045200155,3.5611876947914154
1.530356466805E12,-0.053207542541567364,1.6593141819203643,0.04540664691574506,2.5892375376305385
1.530356471845E12,-0.03026663843942006,1.8018748495893362,0.07292421702730266,3.2795055585936845
1.530356476847E12,-0.02616271649904002,1.8180692814167059,0.061505471896284164,2.405970637408953
1.530356481847E12,-0.040709314265535555,2.022984844547391,0.05129955578925581,2.3519242359992285
1.530356486805E12,-0.07888633450401636,1.9825102099024943,0.04813243329622784,3.150541584663073
1.530356491845E12,-0.04478968913463873,1.975076700076289,0.06041489540763252,3.696970985958091
1.530356496805E12,-0.07523354954562608,2.8078624493016004,0.04640282376693951,4.655103768886156
1.530356501807E12,-0.08363890847355848,2.8990501703017997,0.06592869216196355,3.3942087698385977
1.530356506807E12,-0.06344924928287735,1.877844641957788,0.05706097905536707,3.7166970678528255
1.530356511847E12,-0.09515989752866254,2.7449295791482005,0.03503106050422901,3.0609920847041296
1.530356516847E12,-0.08900842418877837,2.620465610307895,0.044750283444608144,3.611341293772945
1.530356521845E12,-0.11280160004511015,2.4489387806079774,0.05109824539436663,3.281153241146911
1.530356526848E12,-0.09276673332729483,2.455591159262116,0.03204347140474229,3.051418314198985
1.530356531807E12,-0.07916328810500924,2.8234703789942386,0.0249959565444385,3.6103830535187726
1.530356536807E12,-0.07656536698707424,2.7555178508648974,0.05080380418569701,2.325506539011866
1.530356541847E12,-0.06923224307728773,1.7809033065716482,0.03246440005481598,3.5866109516052957
1.530356546846E12,-0.08010427920790375,1.9964292804937307,0.006153067837134656,2.6862365803607617
1.530356551845E12,-0.04623886486616443,2.5815188568042533,0.009677435974490485,3.788341874880248
1.530356556848E12,-0.025940872511654344,2.4583081996339136,0.01596616637051882,3.806541447646705
1.530356561845E12,-0.06671033735517477,2.6210093772859526,-0.014176940810459818,2.83249991892244
1.530356566847E12,-0.06302986209360416,2.7090033534536837,0.019576522365273238,3.1418416888558975
1.530356571807E12,-0.0335436981364556,2.5610965113352444,-0.0098862978753726,3.6688906455195514
1.530356576847E12,-0.03843745982659161,2.436898234843534,-0.006775720628982515,3.3002582004392083
1.530356581845E12,-0.0175294774841879,2.0311308007927273,-0.001240077947446512,3.3042473598133935
1.530356586848E12,-0.017787123691750555,1.7006587319421866,-0.004619796695493232,3.6334499311727395
1.530356591845E12,-0.030555938771552396,2.353700938606625,-0.01417096757510463,4.019667692418111
1.530356596807E12,0.01204387504529535,1.9771283557183592,-0.021454502217765403,3.365327137600449
1.530356601847E12,-0.0026962349579632942,2.300323395780583,-0.009948712226689272,3.874211704977851
1.530356606887E12,0.0181402708532112,2.5234616836659898,4.864570912186998E-4,4.490123786468314
1.530356611887E12,-0.010550189622582388,2.5333744084751806,-0.006086245398761258,3.719777911099521
1.530356616885E12,-0.0028893749027543705,2.3439459562259573,-0.025964020739558006,3.529537688753297
1.530356621845E12,-0.0208449575116451,2.5909779866513363,-0.022331397557257895,4.486250060462965
1.530356626847E12,-0.045319619978929145,2.532697612846018,-0.021663267062385853,3.3938336175432164
1.530356631847E12,-0.018538725008591057,2.2109509212762055,-0.03013096240139884,4.045571668838698
1.530356636805E12,-0.021175794711628216,2.426018529842198,0.001975043707841783,3.482933224795733
1.530356641887E12,-0.01931015793020495,2.3893932390828416,-0.0553849461358607,3.3562392235938567
1.530356646848E12,-0.051253405771446305,2.4128245389244105,-0.0712852261182669,3.711610295650809
1.530356651845E12,-0.01969442407043012,2.7945214260089974,-0.046557868487644455,5.1361666148394605
1.530356656847E12,-0.06172213078952398,2.485384684697472,-0.025207744319511824,3.2441152960212265
1.530356661847E12,-0.05885179319096576,2.2070575267974557,-0.01488858071534659,3.405468590636848
1.530356666847E12,-0.02898005688506364,2.288698239324824,-0.025555285776687486,4.045294725355268
1.530356671887E12,-0.02533687619706658,2.2038292038655536,-0.015431573889148707,2.8070699146721516
1.530356676885E12,-0.00627844965009083,3.194380283294205,-0.01721786851351902,4.0155919809698775
1.530356681845E12,0.0013495637612554166,2.0992896612478105,-0.01854899924360394,3.364419080860572
1.530356686847E12,-0.04341556617721073,2.765578481607792,-0.014433144457741885,3.4051015535679445
1.530356691847E12,-0.033377558195182684,2.397793716035987,0.012738089607414698,3.443047183776182
1.530356696805E12,-0.03473740166541329,2.125883899103098,0.012128882737183258,3.453548346892352
1.530356701888E12,-0.040018941649765244,2.459895791750633,0.010679979217701365,3.6876130638146316
1.530356706848E12,-0.05419361415607187,2.6764201204132068,-0.0022923238633140598,4.2259336020912235
1.530356711845E12,-0.013293057810104389,3.14511033138716,-0.018236028650311792,3.7203722686748217
1.530356716847E12,0.0021824637112108514,2.6785500604891004,-0.07088750590669168,4.5592617029649976
1.530356721847E12,-0.01917254476697907,2.804360237358745,-0.06831114135398504,4.084671592711902
1.530356726847E12,0.03421219369510214,3.172667511880469,-0.08729339216405453,4.005183360271004
1.530356731845E12,0.020032663693917027,2.74497276820815,-0.0684910454108225,4.079070609429535
1.530356736805E12,0.056265232142987565,3.010894484873684,-0.05958176526101486,4.156762671702837
1.530356741845E12,0.035144051209677576,3.056008964406662,-0.0674451293539435,4.602652199095606
1.530356746885E12,0.03294025078937749,2.8175805387438784,-0.06620254000715947,4.073031496319366
1.530356751807E12,0.023041622909263804,3.151997184274334,-0.05462167797594381,3.70892522772188
1.530356756805E12,0.018246695045588564,2.853320866485957,-0.05978416226393845,3.9365290064183567
1.530356761845E12,-0.00317319870645385,2.9172061287355837,-0.05836863018101393,3.0514309046934533
1.530356766848E12,0.024467320274378614,3.3341188167485662,-0.04376706965280779,5.066649280830832
1.530356771888E12,-0.010960439116726046,2.744028520433203,-0.07174913717008084,3.330941734955191
1.530356776885E12,0.007134774782076242,3.145647416812008,-0.06312627305859936,4.2512143889602925
1.530356781847E12,-0.016348065262144662,2.762627720313866,-0.08174893342075164,4.032370618388611
1.530356786847E12,0.007862800498573514,2.5971383418620153,-0.08561408018122511,3.826291521983306
1.530356791887E12,0.008539771905860452,2.526320657694024,-0.066185547488267,3.7516161572054907
1.530356796848E12,0.003247144954817233,2.880598975270216,-0.08126352484674222,4.102332731073842
1.530356801845E12,0.02028299996317717,2.1704641255754615,-0.11498923813570762,3.545607415167525
1.530356806847E12,0.001504998204635753,2.8666451848115146,-0.12631801140572257,2.9269098659203427
1.530356811887E12,0.014731534104266001,2.7052071981206183,-0.10652189049745178,4.085507358491712
1.530356816847E12,0.013178467741733773,2.5284247500123693,-0.117574109730736,2.33552634828612
1.530356821845E12,-0.04481108242404768,2.8810117447405394,-0.0840239872966229,2.896884853498485
1.530356826848E12,-0.02868087764018741,3.3212219416685307,-0.06352034311602273,3.750237243587414
1.530356831845E12,-0.015488550409344123,3.932814881868515,-0.04379695565558441,4.282306969405958
1.530356836847E12,-0.03807937704925121,3.075097258511374,-0.056466725440771026,4.127099578444475
1.530356841847E12,-0.050530111029815146,3.3661306284556707,-0.05281801043539683,3.507577781860896
1.530356846847E12,-0.04325817876484261,3.52487098388191,0.006961500787230664,4.5598113942849245
1.530356851845E12,-0.04698541903573241,3.2987020240385676,0.002788200872188274,3.0064615302816837
1.530356856885E12,-0.06063269131437652,3.2802239243021507,-0.00805886120674636,4.6161422989653875
1.530356861845E12,-0.05890379303046123,3.55451942874943,-0.009820554725281004,3.509660140899618
1.530356866847E12,-0.06356299179859758,3.4401612626443203,0.029553019691553335,3.2416715063137747
1.530356871847E12,-0.08715320876324748,3.1670930366620316,0.03695489310180721,4.759294109628497
1.530356876847E12,-0.07181207443287987,3.2738908638239805,0.016853084483386974,4.156738753270972
1.530356881846E12,-0.08508364424117736,3.0391957876279756,0.005635232052390485,2.588019604786993
1.530356886848E12,-0.09478943444392239,2.9246492483570186,0.023006414479312263,2.5148875021525305
1.530356891845E12,-0.12650820836093574,2.389371475862476,0.012069564572272939,2.8739461347339303
1.530356896848E12,-0.12417413652558683,2.8883761034716335,-0.036621138582976706,3.29799105958238
1.530356901847E12,-0.1353195487949239,3.124743508802234,-0.043029205813260946,2.9730469288934427
1.530356906847E12,-0.1673306782467422,3.19885087128549,-0.023910186314323057,4.247112545957504
1.530356911887E12,-0.15704340192598001,2.4491379135029465,-0.046708452131828934,2.928875091952283
1.530356916848E12,-0.14815333427899577,2.3437721884397917,-0.05711659152437302,3.523714562395573
1.530356921845E12,-0.14052924338283218,2.757847986134215,-0.038410830184300394,3.783618423869283
1.530356926847E12,-0.15801546110559217,1.922828201200951,-0.049536382411884225,3.2378908267319155
1.530356931847E12,-0.1667106592172718,2.01258310725323,-0.04799517832338207,4.3571847201339935
1.530356936847E12,-0.16168847321968552,2.100434374127412,-0.020514149024085545,3.558859875234089
1.530356941845E12,-0.11150199286554496,1.8567493464472309,0.021455714058365095,3.0262240267151608
1.530356946848E12,-0.08571909525307934,2.64357299785405,0.029696024619701868,3.6796685492541044
1.530356951845E12,-0.0926951546232609,3.3705226981128047,-2.619323657858659E-5,3.942094204005231
1.530356956847E12,-0.09978985597098328,3.138405665079936,0.004140893155355548,3.388970268863153
1.530356961847E12,-0.08845270389882019,3.1108304205934685,0.02610904356270803,4.294498770018508
1.530356966847E12,-0.07028367729898508,3.0107880284913007,0.018752308094358263,3.871869771137351
1.530356971845E12,-0.07784584048831353,3.219310598019092,0.03535196578754073,4.207200014761023
1.530356976885E12,-0.07266086867359613,3.4996717685423757,0.061173265994514094,4.02510756391902
1.530356981845E12,-0.07542928722589384,3.6183133661157703,0.06733113453401036,4.582574006583426
1.530356986847E12,-0.06339796099485269,3.7312286383160984,0.029431416609496115,3.5899950700459664
1.530356991847E12,-0.1039535227483927,3.6075455951960547,0.029984648211371284,4.8726164919630035
1.530356996846E12,-0.0739096162940905,3.1047302341219725,0.02606987209562714,5.206562351115723
1.530357001887E12,-0.06353352295860895,3.514745761304651,-0.003112481877260379,3.9216874699756983
1.530357006848E12,-0.053840041686665605,3.461531494687135,0.04642102868362493,4.6636273314398125
1.530357011845E12,-0.08307222834978409,3.639532020276792,0.022779414689913024,3.890832722484218
1.530357016847E12,-0.06350784065540217,3.3694862282700218,-0.0016172869392298624,4.142018343339386
1.530357021887E12,-0.06323980282517054,2.8276489923584913,0.019793614722086374,4.589969227595614
1.530357026887E12,-0.053081789869469154,3.203010222162237,0.017005114213159336,4.604766347961053
1.530357031887E12,-0.05601008708574585,3.469023242359899,0.013146134565004748,4.456996228124846
1.530357036848E12,-0.05991985045920198,4.142216727033093,0.015968220836390008,5.082074844189297
1.530357041888E12,-0.06544663289641152,3.360918942704704,0.013953446939319117,4.73727745531416
1.530357046885E12,-0.06676339039282449,3.4715293161890335,0.013529254148225199,4.011578370316427
1.530357051887E12,-0.059676876306467265,3.788998138083494,0.010438443265601099,3.4407827581667405
1.530357056847E12,-0.04888071592254782,3.5851893009616758,0.00968473594743283,3.2709671040945176
1.530357061845E12,-0.07851202364710597,3.6584553012990084,0.032209933394666726,3.7376778009092098
1.530357065845E12,-0.06906321384254535,3.402275546940429,-0.0043521150519906715,3.97870466781577
1.530357071845E12,-0.06722975175111934,3.520187937441936,0.007557656458714,2.535591716260441
1.530357076847E12,-0.09083276163884446,3.5099701845074844,0.012841532659626164,3.378867754374644
1.530357081887E12,-0.065799215050787,3.1813974949695676,-0.0027032581744166795,2.6898019244333997
1.530357086847E12,-0.027618649962597448,2.821914861532784,0.025483522442504607,4.257173205105034
1.530357091887E12,-0.05668521530969564,3.672963493384187,0.009139084137503296,5.175767321632356
1.530357096885E12,-0.06815827077488297,3.0694662110491606,-0.0048017013684773175,3.39421016744272
1.530357101888E12,-0.052553795088228335,3.0170832421724323,0.011593831692845034,4.3338701297258835
1.530357106847E12,-0.06879712208398396,3.4682190137455096,-3.99646464911361E-4,3.2156836743553217
1.530357111887E12,-0.07798803356781889,3.615979176195267,0.011777967687044748,4.014260097295148
1.530357116887E12,-0.1137285875356657,3.3322552130568517,0.024766628748816327,4.418152937390635
1.530357121887E12,-0.11252422863127276,4.291292370275994,0.01309613405257134,5.267425009791959
1.530357126885E12,-0.09797746325852184,3.265299326675649,-0.009936575839938896,4.683057219622571
1.530357131845E12,-0.08874088248174866,3.4779600424859485,0.013322893621709927,4.620920631743921
1.530357136847E12,-0.1025363420864163,3.6318298355401155,0.025570495083355856,4.639031845618533
1.530357141887E12,-0.0937992000149712,4.434581454319347,0.013055472120949353,3.9433378325502217
1.530357146887E12,-0.08928076488434052,4.539152432453095,0.0234053121804761,4.342213834797317
1.530357151887E12,-0.09911258975206261,4.828098898273125,0.03224448317681794,3.966944416334095
1.530357156848E12,-0.08242706619833554,4.306355451096663,0.009182123989753188,3.708854599136967
1.530357161845E12,-0.103792464695109,4.153780590818108,0.014546213827009836,3.8629667107020356
1.530357166847E12,-0.08894617154965169,4.240648228269204,0.02182000828937188,4.098382401812837
1.530357171887E12,-0.07863291799477949,3.377940167861946,0.022634285957296787,4.067437109900368
1.530357176847E12,-0.09842710926302624,3.622899268384251,-0.012811526331752296,4.382031272925295
1.530357181887E12,-0.10056265157826257,4.045090747276329,-0.03483086294488209,4.25949052409543
1.530357186885E12,-0.15692166198628957,3.7723162301954876,-0.033538574318795304,4.1181165613978274
1.530357191888E12,-0.17374762312827177,3.6935992619592635,-0.01780635101953171,3.481786514732551
1.530357196885E12,-0.1656834652403219,4.164104743878175,-0.0070527789644527425,4.508586526603234
1.530357201925E12,-0.13398069890546654,3.968190723980922,0.0023878990536149477,3.9464588395300257
1.530357206887E12,-0.1368741090488831,3.7166311478450043,0.008721116481837592,4.904018250721195
1.530357211927E12,-0.13294156122097958,3.073237255377521,-0.0038857605842194803,4.231388512174016
1.530357216885E12,-0.11213712354288226,3.0825975705389563,-0.001969403343159678,3.4937218631717544
1.530357221888E12,-0.10943015082280406,3.3360764454646343,0.004345994272036372,3.91466078242678
1.530357226885E12,-0.12449953477774363,3.2487688094783933,0.04650992276531605,4.691469263762521
1.530357231925E12,-0.06457333173134742,3.2110963469590486,0.06176778213718024,4.944824123988953
1.530357236887E12,-0.09225337041173119,2.802648920395378,0.0115841355737283,2.9100750076072446
1.530357241887E12,-0.09232250770994939,2.699701746444919,0.00960185472165617,2.8513517247336613
1.530357246885E12,-0.06883073904034723,3.0885620451608737,0.0027091814116827007,3.987405870114896
1.530357251888E12,-0.10626403679256759,2.9709011502765046,-0.01080295570964305,3.5812385640437023
1.530357256885E12,-0.09576878252129986,3.339198608392347,8.534061913057483E-4,2.9121958262716445
1.530357261887E12,-0.09796532913451121,2.980783489492503,-0.011987741650609514,3.6046967459704558
1.530357266887E12,-0.10963343725872068,2.7205181086702885,-0.009616236110615071,3.6311011056696434
1.530357271927E12,-0.11504020434447947,3.1720511060215664,0.02294718391322504,4.399034526326493
1.530357276886E12,-0.1211882493837824,3.5157513644997285,-0.009263293689641692,4.6180070646445515
1.530357281888E12,-0.14423655192009563,3.4511702538871094,-0.005005302485778165,4.207263578690934
1.530357286885E12,-0.11905647247235572,3.311594313320996,-0.0049560562277730065,3.7322815481245613
1.530357291887E12,-0.11623731130036319,2.966649815952329,-0.027413855810436843,3.914870012221704
1.530357296927E12,-0.12424554066002172,3.01121181864126,-0.004559067454556781,2.048213743564367
1.530357301927E12,-0.10116550017114767,3.4257346197487233,-0.006227559193650707,4.035399503043063
1.530357306885E12,-0.10187363336648708,3.4005355740288885,-0.009988721334288663,3.7746222921876305
1.530357311888E12,-0.1019053217850774,3.160631893874624,-0.013789835194349256,3.8335134793702097
1.530357316885E12,-0.11873244812231273,3.913580249582616,-0.02102532469138792,3.6478133867488363
1.530357321887E12,-0.105327107822663,3.390218306668147,-0.026489967971306684,3.598464140313637
1.530357326887E12,-0.09518676029413374,3.0205944015008845,-0.006789611169322235,3.686606757254495
1.530357331887E12,-0.08291658895367014,3.0708222960478953,-0.004090466538662252,3.0754067157799976
1.530357336927E12,-0.05996493647097532,3.008858258409932,-0.01964782370229641,4.015445735688189
1.530357341888E12,-0.09146631452344796,3.289215846980184,-0.025024968364300404,4.585053448175443
1.530357346885E12,-0.08772956595298849,3.15715541219674,-0.008672683942929815,3.9542634680915656
1.530357351925E12,0.004885193159247988,3.0826991789402793,0.0888410261767804,4.868498476420154
1.530357356887E12,-0.03508354853716867,3.098746399881839,0.04879745247597278,4.129171074724617
1.530357361927E12,-0.04806982968975301,3.033202546826723,0.027141895126443,4.691474674720272
1.530357366927E12,-0.05940856780872756,3.3526533671870586,0.02646198777272459,4.422264340873231
1.530357371967E12,-0.058289089245888125,3.009357476567005,0.02863562247874421,4.212398386457792
1.530357376885E12,-0.06994620215117389,3.540425849120457,0.02519369941208375,3.965934825806187
1.530357381887E12,-0.050440499461334956,3.715017868060144,0.019321629904041935,4.657514503668006
1.530357386887E12,-0.05386441554922719,4.008591136314989,0.02609687401766199,5.326911803564919
1.530357391927E12,-0.060093381761309454,4.529661238698961,0.018530168900307963,5.897274929781473
1.530357396885E12,-0.05754584754905225,4.141298957941357,0.033799314099992234,5.012104178765078
1.530357401925E12,-0.04021394951154999,3.80906106394579,0.03295566760012963,4.636329533296493
1.530357406928E12,-0.05457380751442984,3.4640107111041307,0.002774863307689987,3.925218789407355
1.530357411887E12,-0.07765113666385062,3.8640625502208947,0.015042518563851123,3.990900240070722
1.530357416887E12,-0.06958700081376248,4.001185957021738,0.015239982384916778,4.112299261182895
1.530357421927E12,-0.03771328714281945,3.496102391513175,0.03404949591367448,5.117209166327214
1.530357426885E12,-0.06631960769221291,3.7743711120237844,0.020770405590823705,4.860851294264484
1.530357431888E12,-0.06979748696230377,4.06462114614057,-2.539926301629714E-4,5.485533044565244
1.530357436885E12,-0.0448531993779317,3.834478499967809,0.02185858062460845,6.431289293408811
1.530357441887E12,-0.07766467656730552,4.578679236700968,0.04090539896147314,5.939117612786231
1.530357446887E12,-0.05846846200932183,4.872632631044126,0.04251929832407667,5.6044054136901424
1.530357451887E12,-0.06988784558544921,4.2154743342758785,0.022283374617203585,5.567521211266092
1.530357456885E12,-0.07080564978175312,4.701254185462761,0.02225924552691867,6.312996768978723
1.530357461888E12,-0.07231678908927343,4.622170973538415,0.040843597018247045,4.584386378045438
1.530357466885E12,-0.08914195625163594,4.814748653507838,0.01863421879139712,5.19746461898229
1.530357471887E12,-0.10077970784073226,5.325255368505716,0.010107054968430305,5.592035306749355
1.530357476887E12,-0.09619056502283256,4.861048913043326,0.002225854243091112,5.325809207305472
1.530357481927E12,-0.08556112377030912,4.940974751072036,0.004154473276867313,5.643091105013517
1.530357486885E12,-0.0833476456859504,4.514578417957674,0.008108053433545068,4.761409098176789
1.530357491845E12,-0.10005883699508994,4.274348587823638,0.04669996503064137,4.58211670708095
1.530357496885E12,-0.10013324514555892,4.487502447901738,0.034445417940174944,4.425825223444245
1.530357501925E12,-0.11580175184830625,4.7202446412043395,0.018893545848602162,4.918789897036243
1.530357506887E12,-0.09176950445528577,4.994331723253145,0.004239418661290865,5.33011335591803
1.530357511887E12,-0.10185173231985542,4.852659743323333,0.015700037060131226,5.521235491822731
1.530357516885E12,-0.09672027815215108,4.835511650959593,0.027121525141762,5.172629686259464
1.530357521888E12,-0.1241485091664276,4.94980993650252,-0.020263851123271715,4.948192226867427
1.530357526928E12,-0.10856509634413859,5.396181141919381,1.0748965280920071E-4,5.577048768749666
1.530357531887E12,-0.09676114216740099,5.353708222621509,0.013786495619303925,5.390396750332585
1.530357536887E12,-0.09508590990809826,5.476947566147184,-0.0023676674907970726,5.608746997923162
1.530357541927E12,-0.119944639055137,5.6569398520755465,0.020472522288859808,4.501634255284195
1.530357546927E12,-0.10246516946230412,6.02452996049891,0.021439313822497582,5.237857443233117
1.530357551888E12,-0.10918544540000429,5.803525592584165,-0.019293103423752768,5.5064000080313855
1.530357556885E12,-0.11985662395576545,5.969174568662197,0.02927760444366014,5.996549681446301
1.530357561887E12,-0.08563779078461418,5.918424289903043,0.009487783424809984,6.259601935571546
1.530357566927E12,-0.12316406401876775,5.816304530279563,0.030518211885962408,5.978349119575229
1.530357571887E12,-0.10286992391061325,5.364211619127959,0.014544010246698966,5.188841906858786
1.530357576885E12,-0.06480491595038401,4.509736338820364,0.007399503594625431,5.7022612651908
1.530357581925E12,-0.09994906244059822,5.385252020849595,0.004655005997579731,4.7930903989270135
1.530357586885E12,-0.13871000136360062,5.8084197048161785,-0.002688893050365619,4.574349442937369
1.530357591887E12,-0.11598253271420864,5.550102055886128,-0.015204940075578132,4.6146895586792
1.530357596887E12,-0.0924434304807708,4.90066261615527,0.009382412742670775,4.769514736626835
1.530357601927E12,-0.11940353107176711,5.60225496280835,0.0036116677992036866,5.743502783778484
1.530357606927E12,-0.10563462737148711,5.581553396883638,0.011435986421785348,4.3729857649214425
1.530357611925E12,-0.10883810144310313,5.633928109012947,0.022205987758557793,5.9233336171453255
1.530357616885E12,-0.11403053953710182,5.345492667017409,-0.00605902834963304,5.844871082435093
1.530357621887E12,-0.11923637394902327,5.495271915892794,-0.02164534184174281,5.648995995709837
1.530357626887E12,-0.1250246381383601,5.427261427050058,-0.009679550851821555,4.706776922302414
1.530357631927E12,-0.09931757375960204,5.054245980449943,0.001292002998126328,5.522219215463739
1.530357636885E12,-0.11170936443754963,5.025808758719962,-0.007893883563381249,4.285898692762883
1.530357641888E12,-0.13091905005376228,5.019894987691261,0.010258161677626453,5.143881455153415
1.530357646928E12,-0.09644595537024458,5.194541732739546,0.020416702315321028,5.629329322023509
1.530357651887E12,-0.09827487444519108,5.3238364260317175,0.003025677220743411,5.030736525171509
1.530357656927E12,-0.10174189366957968,5.292725615162583,0.0035351884961049357,4.073889394523224
1.530357661927E12,-0.10353925713772831,4.77049923094267,-0.022523753229879668,3.9419603884028755
1.530357666885E12,-0.09922714328062246,4.490504751093305,-0.022548445633932043,4.1343463442624016
1.530357671926E12,-0.10408053160898371,4.750150913149323,-0.04891220774559583,4.169792508591015
1.530357676928E12,-0.11192182679259367,4.1480330998486155,-0.01721453819357349,4.391936961817485
1.530357681925E12,-0.11190347186645849,4.060681678914271,-0.04443402984406138,3.654714261509627
1.530357686927E12,-0.12325929337334054,3.677593892453233,-0.0129713699370271,3.6805022198002835
1.530357691927E12,-0.08340460341870608,3.601127027512665,0.006597072736002748,4.9864218823076
1.530357696927E12,-0.12976511941342367,4.4371192020798205,-0.01641781341664152,4.677016411148621
1.530357701925E12,-0.10382722725818826,3.994785255586988,-0.016746504815007546,3.9212294366768496
1.530357706928E12,-0.126815677112765,4.172066519697914,0.0020853222956453824,4.700385618299517
1.530357711925E12,-0.08604772442616992,3.5814527105022917,-0.031614716849473125,3.4020234959169304
1.530357716887E12,-0.08160038239625497,3.564035127105998,-0.025848510784939244,4.090854081361612
1.530357721927E12,-0.10156966048730111,4.021476602766963,-0.030229456672793694,3.715288984603468
1.530357726885E12,-0.12107648892755163,3.466809628894399,-0.012173372663202887,3.8475153095586987
1.530357731925E12,-0.11055801149349447,3.708158818639702,-7.704670773288159E-4,3.7873500494631296
1.530357736885E12,-0.08533330979644393,3.6962947971487305,-0.044147099588163874,2.9301328949006726
1.530357741925E12,-0.09329334061453463,3.1153954787554485,-0.024267151519436474,4.01364530704723
1.530357746927E12,-0.09957225159253018,3.55545228725123,-0.03432536490975161,3.563431158962273
1.530357751927E12,-0.07354680172671313,3.6175178902419076,-0.03804952524403643,3.5096034155449716
1.530357756927E12,-0.07031843989639572,3.2639564664816603,-0.08518536491453868,3.4030550511255724
1.530357761888E12,-0.09029994537510867,3.6985145938832047,-0.08245048132992956,4.437571425294146
1.530357766928E12,-0.08497032606608731,3.126926332874035,-0.05607921963269729,4.104336741468552
1.530357771925E12,-0.1454533342465665,2.890158077927517,-0.11040275119444953,3.1322393185701136
1.530357776927E12,-0.13093561906159104,3.026265310745302,-0.09713766766725498,4.12673532366231
1.530357781927E12,-0.15212180334024622,3.28159931855364,-0.08740834025154301,3.74011460638575
1.530357786885E12,-0.13285553458211194,2.375865083446577,-0.07327140414647075,3.2556493046525596
1.530357791925E12,-0.13193820869945058,2.2376953049548858,-0.0749217639206266,4.098556994359469
1.530357796885E12,-0.1300556524162557,1.9448011894703627,-0.11671909885186965,2.895823852799084
1.530357801925E12,-0.10604932194401677,2.986399023359542,-0.08857797143782299,3.1541969292563365
1.530357806927E12,-0.11128153238521658,2.243268004745851,-0.07920529455016617,2.5872193411326267
1.530357811927E12,-0.13146257150729146,2.1489161895587783,-0.08003252648197436,3.5772815604548236
1.530357816926E12,-0.14297556376661075,2.185481703469336,-0.04980996312342631,3.3324816801376387
1.530357821925E12,-0.12147259894118723,2.1192815828038634,-0.09681994087855146,3.1110239644341178
1.530357826928E12,-0.12107969606131772,3.16629570541104,-0.0753322902161221,3.9777384767513997
1.530357831925E12,-0.15171652069977423,3.520603708842346,-0.09311758848645235,3.347188959393397
1.530357836966E12,-0.15291017154395453,3.4590811396013272,-0.0953752606964486,3.7943770739797045
1.530357841966E12,-0.13959547996604557,3.535930920684018,-0.09201906917641367,3.7606204593132797
1.530357846967E12,-0.13984392865248305,3.2875416469130796,-0.07610124504642533,4.505605792736445
1.530357851925E12,-0.16268096837923443,3.2490922357658447,-0.10082962331834558,3.77748648634307
1.530357856928E12,-0.1409509051895126,3.052348704423911,-0.09336458492765054,3.5796931847287614
1.530357861925E12,-0.1841690381435781,3.933628934370936,-0.05598590240030102,4.20800284577223
1.530357866927E12,-0.17652868701313074,3.023373419216938,-0.03558190210020146,4.498499192425953
1.530357871927E12,-0.1586316285804269,3.3842601706928694,-0.053372003813477495,3.6534169120572595
1.530357876927E12,-0.1611838261374101,2.889540483305525,-0.08761355016648965,4.030987538198249
1.530357881925E12,-0.16720398075012152,3.4872237012336598,-0.08086566901063459,3.6464214558493175
1.530357886928E12,-0.14733973974686557,2.6563679840119465,-0.04086753974232143,4.0899469639381945
1.530357891925E12,-0.16547018431099184,2.822388677403895,-0.1168302848015249,3.185072145360862
1.530357896927E12,-0.18608108649770985,2.9421865987238798,-0.10565520351580349,3.6710374475133003
1.530357901927E12,-0.17086059876486656,1.911262839857578,-0.06272856001465699,3.945617735042646
1.530357906927E12,-0.14768486326681882,2.4275467096069803,-0.07270933008077292,3.4711190241582153
1.530357911925E12,-0.1312151688574232,2.267663958796371,-0.11645989921962067,3.44127747818348
1.530357916928E12,-0.16135145289465014,3.5686194992391695,-0.05886604339188398,2.984581000180731
1.530357921925E12,-0.15501100734362291,2.3617076923981517,-0.04847908559763472,3.2691610007156084
1.530357926927E12,-0.15014967846275748,2.811609497225124,-0.0391541414102538,2.9041863721098147
1.530357931967E12,-0.13933194333970506,3.400999179187896,-0.03866814363061162,2.980626481458123
1.530357936967E12,-0.15775148483621523,2.983914552790459,-0.019862093622074476,3.164903215378013
1.530357941925E12,-0.13933694918289263,3.8409660472556326,-0.045350222072258244,3.65452322911321
1.530357946928E12,-0.14074795861505304,3.9029644148061013,-0.07287800537475,4.034542911682489
1.530357951925E12,-0.14883808336007898,2.9981107247044663,-0.056809286089617016,3.3837752093493263
1.530357956927E12,-0.13872446708701947,4.15269368862248,-0.0924795878220111,3.5791338428486905
1.530357961967E12,-0.15893705668404984,4.148335280204428,-0.07821204118084972,4.1600807677842315
1.530357966927E12,-0.21350674899911412,3.88778759317451,-0.0587019555936381,3.8934946726147532
1.530357971925E12,-0.15979378166264066,4.344591793845413,-0.04598101132435865,3.3928031993797143
1.530357976965E12,-0.14268564125023928,3.859201336559444,-0.06250113574638747,4.172661712003377
1.530357981925E12,-0.1708974485161141,4.271249728094396,-0.05656845589021974,4.174016077730353
1.530357986927E12,-0.17163282776321243,4.275673134728517,-0.06317063999544816,4.677164901500124
1.530357991927E12,-0.22456775817062313,4.20413224868808,-0.09217663585208123,4.706305633232054
1.530357996927E12,-0.19585565048472628,3.6456340068448387,-0.06682395010345638,3.993869383588832
1.530358001967E12,-0.20335105618672167,3.8396669399365746,-0.07706301962113882,4.045442926972111
1.530358006965E12,-0.24138288066277522,4.066741019278645,-0.07165802697355536,3.312200499205296
1.530358011968E12,-0.19637807313107333,4.25671824894424,-0.07244191586223811,3.370203676903956
1.530358016965E12,-0.1876487443204251,4.638420550907523,-0.09729400628223953,3.1276762471268555
1.530358021967E12,-0.17747795847377762,4.6869640351238235,-0.0759128331899378,3.362988851403164
1.530358026967E12,-0.2019875349144152,5.379520721965879,-0.055861953589433216,4.175929115389944
1.530358031967E12,-0.19070782886158966,5.109063251036492,-0.05763711506081903,4.57699752587199
1.530358036965E12,-0.17933213566736553,5.313416150881151,-0.0704484493318628,4.006712345205779
1.530358041968E12,-0.19282857963046296,5.049051570220375,-0.09387378661419957,4.492219062019899
1.530358046927E12,-0.18745892280395807,5.029447070135275,-0.07714617487888106,4.446140386736785
1.530358051967E12,-0.19075109084461878,5.040747371828173,-0.06485568062929256,3.9345864928084304
1.530358056967E12,-0.20918385126645478,4.964040971398936,-0.07887122133164377,4.2593906935351
1.530358061925E12,-0.19811503154439425,4.403717971141476,-0.0634928604702508,4.851614482655642
1.530358066965E12,-0.1900013431319597,4.100759652338401,-0.08570901734668877,3.958438370927352
1.530358071925E12,-0.2519767293067442,4.002485381754698,-0.06048574173301177,4.350904247333791
1.530358076927E12,-0.2006345087524961,3.7495538639190924,-0.058750329113484816,3.7171521285505777
1.530358081967E12,-0.22475654293567476,3.9246799924636306,-0.056158411423277675,4.909444088278203
1.530358086927E12,-0.17314674750152156,3.3557006279106796,-0.0381426468075417,3.8900073117625813
1.530358091925E12,-0.1502634587936391,3.5079492716621665,-0.047046944422411294,3.154325326722707
1.530358096965E12,-0.12157435541288378,3.9133819638650595,-0.020004986275129647,3.468076823188906
1.530358101968E12,-0.11869510657394532,4.542308543184844,5.871530416864786E-5,4.932479719292047
1.530358106965E12,-0.10263076608211272,4.025127046673524,-0.011395506980303727,3.799123021108089
1.530358111967E12,-0.1030930037737405,3.4113224193214897,-0.02323556410060406,4.633087951025732
1.530358116927E12,-0.09775325793194073,3.5668038296867697,-0.005775053628400738,5.187345926358731
1.530358121925E12,-0.13447056339074767,3.4775477398951833,-0.011820656770731831,4.22641779060533
1.530358126928E12,-0.10818373434874684,4.467784321546369,-0.01614883635511669,4.665005121197229
1.530358131925E12,-0.08611053063674194,3.81575966544406,-0.004672584893682632,4.8166272041239155
1.530358136965E12,-0.0935816994249212,3.410287051286657,-0.026772152966048776,4.0694720453417
1.530358141927E12,-0.1169853319049066,4.125290984362433,-0.009075467621892895,3.139475731183289
1.530358146927E12,-0.10443805486526328,4.518703105075834,-0.013680565034908497,4.358597369598974
1.530358151925E12,-0.12396173110780986,3.2764329269466383,-0.03225506757585365,3.7883875668596647
1.530358156928E12,-0.10863926327876744,3.1330823396044907,-0.03305840281695929,4.2684574022329125
1.530358161925E12,-0.1300034181260212,3.9050355423337324,-0.04293692117521772,3.986615568181511
1.530358166965E12,-0.11694449054190025,3.3929731694830085,-0.044680571251270465,3.3310663986965587
1.530358171966E12,-0.1327631283916121,2.787704684922983,-0.02998645732487651,4.212254551618668
1.530358176967E12,-0.12313827299236092,3.285390185850466,-0.02437764540416078,3.4842920204352805
1.530358181925E12,-0.10550036227638045,3.7305255788708065,-0.030129520697826158,3.6706247750828127
1.530358186928E12,-0.11938441761112932,3.899936042657521,-0.008921233548354597,3.70746137420261
1.530358191968E12,-0.15046587122547253,4.204712259832461,-0.030418165358086228,4.285028741023699
1.530358196965E12,-0.17789982107443902,3.6733276682279605,-0.02846017956462632,4.016751746664898
1.530358201967E12,-0.13984973315072113,4.300608987094173,-0.03725848696946824,3.92353667388243
1.530358206927E12,-0.19260995179089224,4.274707801805839,-0.03267857367433069,3.922281114113819
1.530358211967E12,-0.1372926468433466,3.8100013264188934,-0.02384707563570064,4.296474860863143
1.530358216928E12,-0.14098209770846695,4.39173184223315,-0.03908154093734945,4.214836512322439
1.530358221925E12,-0.13271758585661153,2.9971870782846843,-0.06207971244339932,3.10493531839535
1.530358226927E12,-0.1438951927074423,4.673882709401574,-0.03251854385908628,4.2915373088529565
1.530358231967E12,-0.14690026816529422,4.672726879584694,-0.05128991592532202,4.602262726739694
1.530358236967E12,-0.14195685419324455,3.91715253785384,-0.036927843571518924,4.516618994931392
1.530358241967E12,-0.1744957363101924,4.87554698791892,-0.05797487048051193,4.752584835448569
1.530358246965E12,-0.19061323435367253,4.018190602598161,-0.03462194169785699,4.128547243411934
1.530358251968E12,-0.13634134429735417,4.3907996317331515,-0.043610519069186095,4.363894411776525
1.530358256966E12,-0.16049365079212005,4.731941730682157,-0.05628961219287385,5.371752678150849
1.530358261967E12,-0.12784886405794582,4.646176889841537,-0.06570378541384894,4.761098592677237
1.530358266967E12,-0.153851814886285,4.040453674633378,-0.04367036063732482,5.780322857151793
1.530358271967E12,-0.1443881457962449,4.799728543439134,-0.0496354483508281,5.176343596923927
1.530358276965E12,-0.1789844914721733,5.291911454686255,-0.05668356569690874,5.764028483784731
1.530358281968E12,-0.17633941835295372,4.72390193244281,-0.06311766870120658,4.713112324888003
1.530358286965E12,-0.1789071722650305,5.425672257172083,-0.06328945237929538,5.170753771844522
1.530358291967E12,-0.16181339794332653,4.73253066542097,-0.03006182007217611,4.133270252155321
1.530358296967E12,-0.19214690769932885,5.106885081737274,-0.047566287246134833,4.876725685523179
1.530358301967E12,-0.19939164448427385,5.767721955556436,-0.05777582222319685,4.107938349655692
1.530358306965E12,-0.21358482376503055,5.637245222538532,-0.08817661571585077,4.527923721709371
1.530358311925E12,-0.2120847424172493,5.074217036154432,-0.05188531574619949,3.9632251781557404
1.530358316965E12,-0.18976035990441195,5.455714997853942,-0.053324425986841305,4.360780813635043
1.530358321967E12,-0.19675357973218083,4.958736581450773,-0.047336510540596885,4.2573265407223175
1.530358326967E12,-0.1963803024836994,5.378388996854396,-0.06425557343836928,4.653762138158078
1.530358331967E12,-0.19377740808296434,5.548268279062924,-0.08357175846518122,4.354765238229623
1.530358336965E12,-0.1791234378109563,4.498409698203112,-0.07841257705618086,4.7043637212777965
1.530358341968E12,-0.17142283191150484,4.270743955631304,-0.06472242847737993,5.001750390114566
1.530358346965E12,-0.1943525926276692,4.585099921090204,-0.08101237380438955,4.555876244582561
1.530358351967E12,-0.1917952010043988,5.272861844107853,-0.08492801399898399,5.03430487494736
1.530358356967E12,-0.1895677429565428,5.272830598297192,-0.06921011679431674,5.177725317401601
1.530358361967E12,-0.147793081276872,4.910774519546106,-0.07978753073094405,4.621974781454331
1.530358366965E12,-0.19429401677615746,4.974646162262124,-0.08391313659288029,4.777673194441889
1.530358371968E12,-0.1742161558605078,4.467505733001868,-0.05334280254710842,4.910409890819262
1.530358376965E12,-0.17352520142091651,5.083678386762344,-0.04946065967383801,4.735073825281222
1.530358381927E12,-0.18850882006213476,4.597744525515292,-0.0684700957665019,4.779844057238989
1.530358386927E12,-0.1926839335061863,5.215057986469152,-0.06165019173021698,5.286879782998256
1.530358391967E12,-0.17502148266635154,4.8916248109692715,-0.08820157809202137,4.385826906403045
1.530358396965E12,-0.20883292772613207,5.1286211468031055,-0.08806471428117565,3.9734253986825037
1.530358401925E12,-0.1909609382280625,4.956082139502758,-0.09965545992233613,4.8043982112783175
1.530358406965E12,-0.21301666973500713,5.193459850032072,-0.07049528058076886,4.403721270480928
1.530358411967E12,-0.19496748365658703,5.141284944366123,-0.06663574300009743,4.486526669735487
1.530358416927E12,-0.200867544989446,5.107100261844886,-0.06277046140083388,4.534533440865781
1.530358421925E12,-0.20353784546606848,5.518712118989127,-0.07732424450602776,4.335087621797013
1.530358426965E12,-0.1899001698847096,5.143775970813695,-0.12209960654711345,3.91036927930877
1.530358431008E12,-0.19707692126987086,5.481879028814287,-0.10583064039425993,4.10915723776564
1.530358436005E12,-0.21511335131454046,4.817450889375113,-0.07186134449122854,3.8427335405422274
1.530358441007E12,-0.19364005666848988,4.866874556806137,-0.11546804426947724,3.9956078539737696
1.530358446967E12,-0.19899666967922516,4.684460477507021,-0.10876929062763027,5.036577293133632
1.530358451967E12,-0.20761447963134938,5.239447456471697,-0.09836416070836108,4.319428736332924
1.530358456965E12,-0.1882612959400574,4.511489958570597,-0.046990123337497525,4.473862914806529
1.530358460965E12,-0.19771089570644076,4.522692024382909,-0.07994385087254018,4.853919430327187
1.530358465967E12,-0.19624708423705242,3.9611098002686616,-0.09617790144950294,4.438647083990744
1.530358471007E12,-0.18680641170828766,4.089166920159109,-0.11606314285517694,4.017835667387283
1.530358476007E12,-0.2336424055055968,4.659367715785481,-0.09855760748302725,4.606106590516424
1.530358481967E12,-0.21301817529851097,4.423269621775791,-0.0883346563069065,3.940059760643769
1.530358486965E12,-0.2073109162055138,4.469269602063963,-0.11427926171129185,3.6600853350095104
1.530358491968E12,-0.2141336059517587,5.0622415470382665,-0.10524858802566793,4.2480542748637395
1.530358495967E12,-0.20680607089010225,4.777809269799185,-0.10248713393362624,4.110419302588463
1.530358501006E12,-0.2050891083532575,4.60953966990282,-0.12603386535432987,3.826476288771156
1.530358505967E12,-0.1853312566026539,3.4379635246296956,-0.12452925563918336,4.444256374143685
1.530358511967E12,-0.20233179002533758,3.870022091249404,-0.13385153143028303,4.247375225615931
1.530358516965E12,-0.192108301760713,4.227540143026901,-0.11843015796857159,4.679994843684957
1.530358520965E12,-0.18480472367470355,3.1451800602485642,-0.12629051658910434,4.109587030659609
1.530358526965E12,-0.19271245913465232,4.110578322205323,-0.15308640273682295,4.462353583791673
1.530358531967E12,-0.19654625418445393,3.9476928459784166,-0.144124558056829,3.54409834352411
1.530358536967E12,-0.16871328733422733,3.4457588381196893,-0.14456401349457526,3.1326373881443157
1.530358541967E12,-0.15918421979688627,3.6067732917814324,-0.15671378962614654,4.445034680191743
1.530358546965E12,-0.1659453383421091,3.396726949546626,-0.16191466002222904,3.8327763985668653
1.530358550965E12,-0.15988887261532653,3.2898510090540727,-0.11562700689369894,3.807083242137932
1.530358556965E12,-0.16303777258008229,4.387714109183337,-0.16968261227500067,3.8885215694852713
1.530358560967E12,-0.15160917745828495,4.622980939536582,-0.13020831403146205,3.6840512008121737
1.530358566007E12,-0.21198043009662898,3.809639722124285,-0.14937673824262787,3.7078010603950373
1.530358571007E12,-0.16964387002608355,4.627078817135538,-0.15790563323574647,3.9202411805221553
1.530358576005E12,-0.1434544880238809,3.071630662626074,-0.15472725032915816,3.891508746913213
1.530358581968E12,-0.14457546438889937,3.5489005054288816,-0.16860209607847843,4.41508566947205
1.530358586965E12,-0.1445562607921136,3.155025506016432,-0.13785898838999067,4.109275109935957
1.530358590967E12,-0.14925423943764662,4.025884911710182,-0.16920070751189195,4.887341487369575
1.530358595967E12,-0.14549139417567464,3.979626886752823,-0.15210416041737895,4.894048053978717
1.530358601007E12,-0.15689285403765915,4.217696918087727,-0.1770187631372481,4.247666885478487
1.530358606006E12,-0.12974379473995903,4.345684924894605,-0.14467916358006308,4.110640981484423
1.530358611968E12,-0.1023587252514816,3.7428687045441356,-0.12816637011962737,4.621936664278962
1.530358616965E12,-0.0987415285429448,3.993767296891938,-0.1482494226855833,4.594176029690623
1.530358621967E12,-0.10882790670792523,4.362469710834955,-0.1864760240944009,4.562519970301559
1.530358626007E12,-0.09427970520516889,4.749805112078792,-0.19850750898463498,4.68795874774927
1.530358631007E12,-0.09007244138142564,4.316476135569926,-0.17220917663205604,4.62892586244919
1.530358636965E12,-0.12155060916479767,4.660036324245651,-0.19373950786617924,4.632512740142581
1.530358641968E12,-0.10015073143551698,4.397536362645799,-0.1848946453212625,4.5244508976913185
1.530358646965E12,-0.08738008304267834,4.132379722811447,-0.1868072644255878,4.486580169173569
1.530358651967E12,-0.07201533543916748,3.6753621062382575,-0.13752303403563976,4.668319010410923
1.530358656967E12,-0.0843749753255923,3.569817773151687,-0.15933854620698534,4.875916109458715
1.530358661006E12,-0.0930409834905989,3.719325397868045,-0.1361084892358362,4.946620838817524
1.530358666965E12,-0.10572861913852365,4.477122157016825,-0.15788995573516848,5.5187708065489325
1.530358670965E12,-0.11250976010193284,4.731666898086898,-0.17719986567348472,5.119615803645133
1.530358676965E12,-0.0925440539952865,4.132583440367144,-0.12968759979777691,4.400559122926534
1.530358681007E12,-0.07945492336014041,4.271747825317621,-0.15934325907477437,4.907098569535966
1.530358686967E12,-0.09575045205624748,3.6860543254376763,-0.12452505640347439,4.30331336585346
1.530358691007E12,-0.07114827944137996,3.7557915960568824,-0.1473558309816707,3.837711018798142
1.530358696965E12,-0.10024000332951766,3.5917983893607497,-0.1324167663909209,4.3018780652928115
1.530358701008E12,-0.09635925727627541,3.901119915923412,-0.09889339230853014,3.029205341525258
1.530358706965E12,-0.10609073727017872,3.632334741859916,-0.18670302886462103,3.9554387433880516
1.530358711967E12,-0.060965700076306965,3.816079987167555,-0.16613053459985047,4.187997917737624
1.530358716967E12,-0.07200164914087544,3.0563621549456195,-0.15810277294289798,4.245569899728111
1.530358721967E12,-0.05988435401391422,3.6876800421461993,-0.17132450572504362,3.6146499546395976
1.530358726965E12,-0.07231152720676212,4.24127520868911,-0.16302322358302793,4.201266782919607
1.530358731008E12,-0.08872374496527317,4.763941846710443,-0.14636782654055014,4.1943060746328005
1.530358736965E12,-0.08398955159646528,4.642148463504103,-0.20718419331073354,4.785378019532701
1.530358740967E12,-0.09896771512571925,4.792569820455984,-0.16773518931572126,4.25633681362262
1.530358746967E12,-0.08665379074961181,4.507810426061358,-0.1812528349389917,3.8415113538025634
1.530358751967E12,-0.08359552384585786,4.428946847590801,-0.20959364977818715,4.094323289974613
1.530358756965E12,-0.09214076420520662,4.298279108836378,-0.1803609761451212,4.455693825473897
1.530358761008E12,-0.09835650845104232,3.7127062281595067,-0.1760999877250868,4.319709772343157
1.530358766005E12,-0.082288529769239,3.4744047443144517,-0.18481169696272468,4.051497713123339
1.530358770967E12,-0.10699276870242297,3.429548110714887,-0.17319263433193008,4.014756025303075
1.530358776967E12,-0.1039492174213861,3.3974955131662727,-0.15696489307102382,3.4404534959546846
1.530358781966E12,-0.11751619855332368,3.5628384926699006,-0.19814847792236095,4.7186209050911945
1.530358786965E12,-0.08223065220392264,3.6537179402352202,-0.20011485833925774,3.748161175903504
1.530358791008E12,-0.09754702775040691,3.727167337047295,-0.1482579854561308,3.313721081417969
1.530358796005E12,-0.11294834999872307,3.478397347108683,-0.14486102540166068,4.20560762902559
1.530358801007E12,-0.0890122035638147,3.181715064078161,-0.19215073509253516,3.3516479670876125
1.530358806967E12,-0.07908982233176086,2.6750048018892922,-0.21332908455101493,4.090475590467686
1.530358811967E12,-0.0906114620370636,3.2716630991680753,-0.21803166674195562,4.206987585051661
1.530358816965E12,-0.10621567311127325,3.0354168969028255,-0.2298033893315671,3.754368635204383
1.530358820965E12,-0.08957308713420506,3.2427609276968656,-0.1861047802596705,4.335641678390971
1.530358825967E12,-0.06980522756605938,2.9441727386765084,-0.23129112901948098,3.964934177315572
1.530358831007E12,-0.1002419440277422,3.4810539990692346,-0.23777495907880256,3.8105450054074828
1.530358836967E12,-0.08974867849633553,3.561820307290933,-0.2233495094419849,3.55313124254651
1.530358841967E12,-0.09933811975833662,4.036273393033234,-0.2128130667222471,3.204901418885572
1.530358846965E12,-0.11358733955467999,4.737357296702305,-0.2139665352075823,3.6622665781914816
1.530358851968E12,-0.13423040845641002,4.4506348090091095,-0.20393690183780042,3.6149472197118593
1.530358856965E12,-0.1738027537025231,4.820251646877679,-0.23380221834951467,4.2558195835943
1.530358861006E12,-0.13860374725384064,4.6552586602306025,-0.2502026187471416,4.965856947988344
1.530358865967E12,-0.15858900346527371,4.786721545167373,-0.27309130287162875,4.807778568899204
1.530358871967E12,-0.18859224944553368,3.9570728572000236,-0.2528790915762161,4.835952904849424
1.530358876965E12,-0.21254453587364477,4.210713471007856,-0.24503758050228633,4.730155839265529
1.530358881968E12,-0.1982527814017437,4.395323468345809,-0.22908290452850685,4.051628128659665
1.530358886965E12,-0.13041308028429222,4.634971651580796,-0.23863573706572466,4.366704538675825
1.530358890967E12,-0.16255641525562387,5.352084195618627,-0.23260240503768478,4.576136459272629
1.530358896007E12,-0.21006039659074083,4.807028806893702,-0.2302629129172617,4.793671339150685
1.530358901007E12,-0.14315029125550358,4.19566717624857,-0.25593052019177753,4.855536875936398
1.530358906965E12,-0.15665561608111236,4.574110321713894,-0.2519200091691455,5.091138375202307
1.530358911968E12,-0.14304498558898834,4.199979704932169,-0.24758932080239585,5.374715041038469
1.530358915967E12,-0.14212751701549836,4.140300414636643,-0.22447018906438004,4.906293026484344
1.530358920967E12,-0.11598600273042188,3.904513747025848,-0.22422597752311627,4.75249113617098
1.530358926967E12,-0.15460714632259365,4.551970092016315,-0.20867748625960006,4.561055770357763
1.530358931007E12,-0.15633873072783505,4.853726739857188,-0.21524351262269673,4.516892291412815
1.530358936005E12,-0.12579352986287332,5.180097929422771,-0.1871367817419738,3.658400612781943
1.530358941968E12,-0.12141778054610208,4.545548240381449,-0.19919265921513896,3.7064662924990155
1.530358946965E12,-0.13669767879219927,5.00044402047039,-0.21772726870083184,3.9434069631236666
1.530358951967E12,-0.12925230694447581,4.379023411837304,-0.21793437523232018,3.645838669893538
1.530358956007E12,-0.14403960706218424,4.6569041119769645,-0.1802133303381007,4.123343742382026
1.530358961007E12,-0.1206608945760925,4.873824777681917,-0.21048589151816402,4.380224769231655
1.530358966005E12,-0.12772943684860222,4.7273964141441285,-0.20263203034974234,3.8062584534996686
1.530358970965E12,-0.14754453142824883,3.57361851345714,-0.2184142145028558,4.002694660067332
1.530358976965E12,-0.1666091250208464,4.679135760909263,-0.23073885441831488,4.0671068613422445
1.530358980967E12,-0.1729284114231171,5.12940770015802,-0.25717789381802,4.754058649631509
1.530358986967E12,-0.18725945981603392,4.758708923870357,-0.26974021674364107,3.9162823334756887
1.530358991007E12,-0.18495751404874897,4.490403706374491,-0.2769319423486469,4.191753839813465
1.530358996005E12,-0.21242242809129855,4.809954639418486,-0.24836473098092698,5.207834116571024
1.530359001008E12,-0.19144004200383327,4.820658465565906,-0.293536783797269,4.559690300286196
1.530359006965E12,-0.19182322531160612,3.9339807460329763,-0.24558429527001488,4.613787701492611
1.530359011007E12,-0.20377881064567666,4.612559948694604,-0.23761743089477746,4.9747195921562035
1.530359016007E12,-0.2089555769016118,4.911223421603455,-0.2816398637776862,5.268584492829221
1.530359021007E12,-0.1977031073557571,4.0071355506650335,-0.29505740627551974,4.574651644687403
1.530359026046E12,-0.20417941045818766,4.843824942212994,-0.26731720165649003,4.816499171344896
1.530359031008E12,-0.19400986359150402,5.062463901142593,-0.25423084203652463,4.702702411163825
1.530359036005E12,-0.15814966204813166,4.40938658381425,-0.26290333900801444,4.243957060947257
1.530359041045E12,-0.1894889266910199,5.1692081974090165,-0.2711395933711703,4.29444939190022
1.530359046007E12,-0.19165980077662498,4.5566248185877205,-0.2522411308583953,4.581762087124123
1.530359051007E12,-0.18126980959363811,3.8674191556843978,-0.27802502041558824,4.314696650258814
1.530359056005E12,-0.18571802132121523,3.9269367308045267,-0.2820359647290818,4.001884138911749
1.530359061045E12,-0.19036070753781154,3.174789700882519,-0.28849974550548635,3.739811676753948
1.530359066005E12,-0.18878296130218877,4.176436965142568,-0.28769740462018606,4.324547541577129
1.530359071007E12,-0.18780122142236277,4.2719102635691195,-0.29233069362376896,3.210407532530083
1.530359076007E12,-0.1792471465342533,4.773115032835673,-0.2549765500364097,3.9109189182448496
1.530359081007E12,-0.18470265440858818,4.671615117661355,-0.28237415645020875,4.019940792025852
1.530359086005E12,-0.1566501963866478,3.613984140221459,-0.2563427622064619,4.433801897151548
1.530359091045E12,-0.15889909197652352,4.3512400530003115,-0.24925723259126567,4.616205100753578
1.530359096005E12,-0.14777762554752233,4.9375915718548375,-0.20891117055017264,4.6804430084219
1.530359101007E12,-0.12777986403558506,4.623139571471611,-0.1716241096177758,4.855383666285674
1.530359106007E12,-0.05824001612480406,4.7149309626601905,-0.198566687027245,4.805219960195388
1.530359111007E12,-0.053360983622009056,3.912511891236893,-0.1587660400584694,4.827807741585461
1.530359116047E12,-0.06960506259866407,4.483648768302556,-0.16413547430757863,5.345264117297262
1.530359121045E12,-0.11208304985405071,3.593811296294374,-0.17740510568985846,4.675310976335904
1.530359126048E12,-0.07719577192499674,3.6008341554100167,-0.1640405053660009,4.529410368489232
1.530359131007E12,-0.1003818903895315,4.721392593461915,-0.15583839422293566,4.707200956269019
1.530359136007E12,-0.10594316652248346,5.0736947962691445,-0.1721093880227116,4.206010445804979
1.530359141046E12,-0.13118126213616355,4.619518447578068,-0.17767919029912524,4.6608671252609035
1.530359146005E12,-0.07759250343981955,4.05648588303935,-0.18040025415661876,3.939018948858945
1.530359151045E12,-0.10225536209945105,4.81048824946928,-0.15649353524138696,4.904203938227778
1.530359156005E12,-0.09799757058360528,4.408816116805402,-0.17273555771622495,4.757004680838166
1.530359161045E12,-0.11070648381989794,5.108068363346346,-0.15047620189556013,6.182064353650377
1.530359166007E12,-0.08337627212165148,3.9208811903212704,-0.14042776914855137,4.80907649705489
1.530359171006E12,-0.113561191042835,4.2042868234355755,-0.1868825118103775,4.695647255112906
1.530359176005E12,-0.10752601739396689,5.283559860844303,-0.12969595612822712,4.896433861230595
1.530359181008E12,-0.10480441288498099,4.592601558743405,-0.1325599074910404,4.482293691883041
1.530359186005E12,-0.11035117881805302,5.011846143291594,-0.15308990958512939,4.92528421252702
1.530359191007E12,-0.09423939802839103,3.730203202698162,-0.16493099623825,5.2886715740939865
1.530359196007E12,-0.09588565367160425,4.5681597161341045,-0.18133669735528757,4.995827223538571
1.530359201047E12,-0.08890944224665909,5.395716197454696,-0.1388598963983203,5.313006934843262
1.530359206005E12,-0.09782011111122167,5.492898046442829,-0.17924673034206007,5.299255115243034
1.530359211008E12,-0.0658678594989404,5.330060128005332,-0.17257754530642164,4.466060137404719
1.530359216005E12,-0.08202323354678834,4.721626947877607,-0.18250886862341817,4.785096994601768
1.530359221007E12,-0.09353097176945278,4.880121249059543,-0.1455842976297347,5.401331143986068
1.530359226007E12,-0.072383471169317,4.959403056901158,-0.14929612673677706,5.082807833122036
1.530359231007E12,-0.09237289272647434,5.106645748196401,-0.1724955307455306,4.767880977482896
1.530359236005E12,-0.060973772977002155,3.4959504074322414,-0.16785013673649934,4.05620679952076
1.530359241008E12,-0.08592380015274352,3.612226346337428,-0.18909432044040025,4.167226055236867
1.530359246005E12,-0.04051646172032168,4.03705402066472,-0.1764235419705368,3.885107931258599
1.530359251045E12,-0.04904956796149434,3.7223913526872003,-0.16550781598912903,4.619110797461867
1.530359256046E12,-0.0772268331054266,4.038230899359005,-0.15921218847969476,4.007311106144348
1.530359261047E12,-0.07830555993231292,3.7032242194382525,-0.17412156267622286,3.380331389674213
1.530359266005E12,-0.06837995231437374,3.3724785848398406,-0.16564366289391194,3.5237838831580417
1.530359271045E12,-0.08852663866150902,4.142674575857142,-0.15900946895115645,3.296994166870691
1.530359276048E12,-0.07826742306560437,3.4610422697337384,-0.18260491543762714,3.9658164152673834
1.530359281007E12,-0.061653945942015,3.9651728912524074,-0.1251246431953323,3.9000649162430587
1.530359286046E12,-0.0772551851963627,4.2512384784396975,-0.1623918617849198,4.178209021696082
1.530359291007E12,-0.10327182814562103,3.362823400479366,-0.14286603354655883,4.4744452445028955
1.530359296046E12,-0.12253385385323275,4.126198963224668,-0.14964975744459633,4.611637610365149
1.530359301045E12,-0.10293754977520306,4.0368924971366855,-0.1407062185801575,3.743866697170381
1.530359306005E12,-0.11082217437290096,3.5329873034516956,-0.17955364723567668,4.5007671780746925
1.530359311045E12,-0.09082929035400025,3.8829373151448037,-0.1590358549097753,4.1552597116452255
1.530359316007E12,-0.07994488336312774,4.2447765050953015,-0.1887543044666227,4.02086158420875
1.530359321006E12,-0.08947714101198405,5.003824512375674,-0.16561884490396556,5.396285689313461
1.530359326005E12,-0.06021296598113112,4.4904684035131925,-0.16584768887709103,4.73823635277057
1.530359331008E12,-0.028284009176083147,3.7126615695138643,-0.1823844283288011,4.59858969161983
1.530359335966E12,-0.03586264492813581,4.152117499642224,-0.20002711467407921,4.222632213894291
1.530359341006E12,-0.04391473063032205,3.7679067116891924,-0.1889229569277696,4.6859444916920046
1.530359346007E12,-0.04158846624068005,3.7625947251817036,-0.17939385581836362,4.803772275584665
1.530359351006E12,-0.05815206773810577,3.71449724355994,-0.15600644621327,4.446412402880194
1.530359356005E12,-0.0642925346908662,4.214069336888285,-0.1520245620878089,4.979584343482471
1.530359361968E12,-0.057686541289901354,4.42573132986189,-0.18153311197841934,4.905421836965729
1.530359366005E12,-0.058483799095483714,3.8358424705661953,-0.1924575535018543,4.683432579766957
1.530359371007E12,-0.0431556545823198,4.30983360099553,-0.20799209270683977,4.195826433937721
1.530359376007E12,-0.0716987029247439,4.6406885774172455,-0.18840793666356856,4.4711933123843925
1.530359381007E12,-0.0768444884292292,4.91423597165122,-0.1842058707505837,4.4085588520829235
1.530359386005E12,-0.06456379404470869,3.9843074935738887,-0.16495208568001962,3.73204522531395
1.530359391008E12,-0.056948637927915505,4.242370647639849,-0.19552246202374476,4.030748235373337
1.530359396005E12,-0.0736431922288849,3.5690951123593773,-0.17810630796171686,3.4550920875642945
1.530359401006E12,-0.04737106160025132,3.4530648432234705,-0.17243693175307548,3.7829190422303203
1.530359406007E12,-0.08577622432984704,3.832350046254884,-0.21016766132002382,3.9208461848218503
1.530359411007E12,-0.10126004993301213,4.641198764259231,-0.2025497980497834,4.0628488304802834
1.530359416005E12,-0.10552629025354306,4.466313871971442,-0.18128720052232522,3.878511490976006
1.530359421045E12,-0.09333140325261982,3.2563134793685347,-0.1829304611257032,4.881325276096073
1.530359426005E12,-0.07626088651097038,3.9484223231515787,-0.1752865895334184,4.073148447175721
1.530359431006E12,-0.0347785438182333,4.183737346471734,-0.1349273082978647,4.528927274451337
1.530359436007E12,-0.04526061454801584,3.328675839391635,-0.15854489905731525,4.185488703661111
